1 11416U 79057A   80003.44366214  .00000727  00000-0  33454-3 0   878
2 11416  98.7309  35.7226 0013335  92.0280 268.2428 14.22474848 27074
1 11416U 79057A   80010.19623056  .00001049  00000-0  47830-3 0   891
2 11416  98.7308  42.4110 0013237  72.9891 287.2737 14.22490765 28033
1 11416U 79057A   80012.65808115  .00000898  00000-0  41063-3 0   900
2 11416  98.7297  44.8498 0013170  68.0351 292.2332 14.22498291 28385
1 11416U 79057A   80014.34619554  .00001902  00000-0  86042-3 0   919
2 11416  98.7296  46.5215 0013124  63.2054 297.0466 14.22507470 28624
1 11416U 79057A   80015.89363032  .00001874  00000-0  84766-3 0   927
2 11416  98.7274  48.0538 0012893  57.5855 302.6607 14.22513053 28840
1 11416U 79057A   80016.73768415  .00001520  00000-0  68918-3 0   935
2 11416  98.7287  48.8901 0012811  55.2328 305.0051 14.22513676 28960
1 11416U 79057A   80019.34018029  .00001082  00000-0  49280-3 0   949
2 11416  98.7284  51.4678 0012907  48.7696 311.4595 14.22517420 29336
1 11416U 79057A   80023.70110358  .00000597  00000-0  27585-3 0   968
2 11416  98.7286  55.7871 0012646  37.7085 322.4975 14.22521381 29953
1 11416U 79057A   80026.86628660  .00000557  00000-0  25821-3 0   976
2 11416  98.7291  58.9218 0012886  27.9416 332.2450 14.22523661 30406
1 11416U 79057A   80037.62783536  .00000577  00000-0  26657-3 0  1001
2 11416  98.7289  69.5793 0012466 358.5242   1.5898 14.22536074 31936
1 11416U 79057A   80038.04984817  .00000954  00000-0  43523-3 0  1014
2 11416  98.7254  69.9963 0011741 358.4729   1.6411 14.22548103 31999
1 11416U 79057A   80039.31590148  .00000076  00000-0  38498-4 0  1027
2 11416  98.7254  71.2496 0011741 354.8139   5.2906 14.22544519 32178
1 11416U 79057A   80040.30061239  .00001268  00000-0  57563-3 0  1030
2 11416  98.7265  72.2256 0012620 350.3567   9.7375 14.22545960 32314
1 11416U 79057A   80044.59110229  .00001015  00000-0  46293-3 0  1048
2 11416  98.7287  76.4731 0012001 337.7463  22.3190 14.22554003 32920
1 11416U 79057A   80048.24855820  .00000738  00000-0  33831-3 0  1053
2 11416  98.7254  80.0961 0011689 326.3835  33.6598 14.22558185 33448
1 11416U 79057A   80052.32800824  .00000788  00000-0  36076-3 0  1061
2 11416  98.7249  84.1350 0011485 314.5700  45.4540 14.22565162 34029
1 11416U 79057A   80055.35242107  .00000618  00000-0  28444-3 0  1074
2 11416  98.7248  87.1297 0011292 305.0313  54.9805 14.22567808 34457
1 11416U 79057A   80058.65816496  .00000618  00000-0  28454-3 0  1080
2 11416  98.7247  90.4022 0011251 295.1885  64.8124 14.22572015 34929
1 11416U 79057A   80063.37058503  .00000718  00000-0  02957-4 0  1095
2 11416  98.7244  95.0672 0011432 281.6689  78.3205 14.22580147 35590
1 11416U 79057A   80064.49593670  .00000946  00000-0  03129-4 0  1105
2 11416  98.7218  96.1824 0011157 275.1230  84.8601 14.22582722 35757
1 11416U 79057A   80070.33367962  .00000691  00000-0  01728-4 0  1120
2 11416  98.7244 101.9656 0011231 255.7071 104.2863 14.22589970 36585
1 11416U 79057A   80072.65469975  .00000728  00000-0  03381-4 0  1133
2 11416  98.7259 104.2663 0011234 247.5030 112.4968 14.22593689 36918
1 11416U 79057A   80078.70339532  .00000737  00000-0  03746-4 0  1146
2 11416  98.7236 110.2497 0011424 230.6662 129.3509 14.22602749 37771
1 11416U 79057A   80079.82873025  .00000739  00000-0  03816-4 0  1151
2 11416  98.7235 111.3633 0011417 227.3659 132.6558 14.22604370 37936
1 11416U 79057A   80079.82873025  .00000739  00000-0  03816-4 0  1151
2 11416  98.7235 111.3633 0011417 227.3659 132.6558 14.22604370 37936
1 11416U 79057A   80087.70604491  .00000788  00000-0  06021-4 0  1162
2 11416  98.7239 119.1612 0011384 203.5881 156.4774 14.22616100 39052
1 11416U 79057A   80091.36333433  .00001310  00000-0  09354-4 0  1179
2 11416  98.7207 122.7803 0012142 192.6733 167.4144 14.22627640 39577
1 11416U 79057A   80091.36333433  .00001310  00000-0  09354-4 0  1179
2 11416  98.7207 122.7803 0012142 192.6733 167.4144 14.22627640 39577
1 11416U 79057A   80092.69964661  .00001267  00000-0  07434-4 0  1188
2 11416  98.7186 124.1025 0012171 188.0420 172.0564 14.22630882 39760
1 11416U 79057A   80092.69964661  .00001267  00000-0  07434-4 0  1188
2 11416  98.7186 124.1025 0012171 188.0420 172.0564 14.22630882 39760
1 11416U 79057A   80093.68429448  .00001311  00000-0  09373-4 0  1192
2 11416  98.7191 125.0770 0012240 185.6317 174.4722 14.22633743 39905
1 11416U 79057A   80098.88884247  .00001150  00000-0  02222-4 0  1200
2 11416  98.7193 130.2279 0012242 170.8076 189.3328 14.22644901 40647
1 11416U 79057A   80100.78778942  .00001108  00000-0  00307-4 0  1213
2 11416  98.7193 132.1071 0012277 165.3381 194.8149 14.22648621 40919
1 11416U 79057A   80107.75054056  .00001151  00000-0  02189-4 0  1229
2 11416  98.7200 138.9985 0012534 145.3570 214.8428 14.22665119 41904
1 11416U 79057A   80110.56374331  .00001699  00000-0  06682-4 0  1233
2 11416  98.7204 141.7822 0012552 137.1694 223.0460 14.22676182 42301
1 11416U 79057A   80113.23627653  .00001226  00000-0  05553-4 0  1241
2 11416  98.7164 144.4264 0012982 130.5375 229.6927 14.22680473 42685
1 11416U 79057A   80114.64286833  .00001212  00000-0  04928-4 0  1259
2 11416  98.7138 145.8185 0013282 127.9923 232.2452 14.22683334 42880
1 11416U 79057A   80121.67577863  .00001071  00000-0  08604-4 0  1265
2 11416  98.7148 152.7790 0013347 109.7624 250.4994 14.22698402 43884
1 11416U 79057A   80133.06893919  .00001084  00000-0  09167-4 0  1285
2 11416  98.7149 164.0504 0013450  78.4215 281.8483 14.22721958 45502
1 11416U 79057A   80141.64882622  .00000975  00000-0  04299-4 0  1309
2 11416  98.7123 172.5392 0013247  55.8985 304.3448 14.22741032 46632
1 11416U 79057A   80142.70372314  .00000977  00000-0  04432-4 0  1311
2 11416  98.7126 173.5828 0013207  53.0393 307.1992 14.22743130 46781
1 11416U 79057A   80148.04850312  .00001246  00000-0  06339-4 0  1322
2 11416  98.7122 178.8705 0012881  38.5245 321.6866 14.22756958 47548
1 11416U 79057A   80149.66599109  .00001277  00000-0  07719-4 0  1333
2 11416  98.7116 180.4700 0012826  33.9684 326.2313 14.22761440 47775
1 11416U 79057A   80156.69850096  .00001056  00000-0  07875-4 0  1348
2 11416  98.7108 187.4264 0012463  14.9980 345.1559 14.22776508 48777
1 11416U 79057A   80160.07408704  .00000879  00000-0  00007-4 0  1353
2 11416  98.7113 190.7650 0012400   5.2569 354.8734 14.22780895 49256
1 11416U 79057A   80162.32447264  .00000787  00000-0  05878-4 0  1367
2 11416  98.7118 192.9908 0012302 358.8076   1.3063 14.22783375 49572
1 11416U 79057A   80162.32447264  .00000787  00000-0  05878-4 0  1367
2 11416  98.7118 192.9908 0012302 358.8076   1.3063 14.22783375 49572
1 11416U 79057A   80163.51998839  .00000753  00000-0  04406-4 0  1378
2 11416  98.7121 194.1735 0012261 355.3692   4.7370 14.22784710 49749
1 11416U 79057A   80172.24017307  .00000619  00000-0  08405-4 0  1385
2 11416  98.7103 202.8013 0011423 329.0201  31.0303 14.22796249 50985
1 11416U 79057A   80177.72540792  .00000806  00000-0  06699-4 0  1394
2 11416  98.7105 208.2250 0011341 312.7435  47.2787 14.22806072 51765
1 11416U 79057A   80177.72540792  .00000806  00000-0  06699-4 0  1394
2 11416  98.7105 208.2250 0011341 312.7435  47.2787 14.22806072 51765
1 11416U 79057A   80184.68738534  .00000823  00000-0  37500-3 0  1405
2 11416  98.7110 215.1108 0011244 291.6129  68.3849 14.22818189 52752
1 11416U 79057A   80188.69578166  .00000715  00000-0  02615-4 0  1414
2 11416  98.7112 219.0745 0011253 279.7692  80.2262 14.22822571 53322
1 11416U 79057A   80191.36803961  .00000647  00000-0  09647-4 0  1423
2 11416  98.7113 221.7175 0011159 271.8140  88.1760 14.22824955 53706
1 11416U 79057A   80194.04029756  .00000561  00000-0  05745-4 0  1434
2 11416  98.7114 224.3601 0011079 263.1797  96.8115 14.22826290 54089
1 11416U 79057A   80194.32158759  .00000554  00000-0  05486-4 0  1446
2 11416  98.7114 224.6383 0011062 262.3390  97.6529 14.22826481 54126
1 11416U 79057A   80198.04867655  .00000486  00000-0  02472-4 0  1458
2 11416  98.7113 228.3238 0011011 250.7102 109.2885 14.22828960 54658
1 11416U 79057A   80198.75189953  .00000483  00000-0  02285-4 0  1464
2 11416  98.7114 229.0193 0011014 248.6460 111.3541 14.22829533 54754
1 11416U 79057A   80205.71377990  .00000740  00000-0  03752-4 0  1476
2 11416  98.7097 235.9078 0011322 223.7008 136.3262 14.22840309 55747
1 11416U 79057A   80206.55763853  .00001048  00000-0  07429-4 0  1484
2 11416  98.7093 236.7422 0011464 221.1730 138.8585 14.22843647 55862
1 11416U 79057A   80211.19885564  .00000820  00000-0  07305-4 0  1495
2 11416  98.7076 241.3303 0011518 206.9277 153.1305 14.22850227 56526
1 11416U 79057A   80212.81624318  .00000828  00000-0  07666-4 0  1503
2 11416  98.7076 242.9295 0011564 202.0458 158.0223 14.22853088 56758
1 11416U 79057A   80213.66009794  .00000761  00000-0  04657-4 0  1516
2 11416  98.7074 243.7637 0011608 199.4826 160.5904 14.22853661 56876
1 11416U 79057A   80213.66009794  .00000761  00000-0  04657-4 0  1516
2 11416  98.7074 243.7637 0011608 199.4826 160.5904 14.22853661 56876
1 11416U 79057A   80217.66840122  .00000333  00000-0  05636-4 0  1522
2 11416  98.7057 247.7289 0011878 187.4676 172.6324 14.22855568 57445
1 11416U 79057A   80219.56706958  .00000257  00000-0  02212-4 0  1534
2 11416  98.7072 249.6068 0012023 181.8586 178.2551 14.22856045 57714
1 11416U 79057A   80223.64568174  .00000337  00000-0  05791-4 0  1549
2 11416  98.7075 253.6394 0012310 169.9627 190.1797 14.22859383 58293
1 11416U 79057A   80226.66947350  .00000392  00000-0  08226-4 0  1559
2 11416  98.7077 256.6289 0012378 161.2751 198.8884 14.22862339 58723
1 11416U 79057A   80226.66947350  .00000392  00000-0  08226-4 0  1559
2 11416  98.7077 256.6289 0012378 161.2751 198.8884 14.22862339 58723
1 11416U 79057A   80232.71703420  .00000493  00000-0  02739-4 0  1566
2 11416  98.7080 262.6080 0012534 143.9879 216.2146 14.22869492 59583
1 11416U 79057A   80235.67047918  .00000566  00000-0  05993-4 0  1574
2 11416  98.7086 265.5290 0012686 135.7340 224.4856 14.22874069 60008
1 11416U 79057A   80239.53807264  .00000620  00000-0  08337-4 0  1588
2 11416  98.7086 269.3526 0012728 124.8858 235.3521 14.22879887 60555
1 11416U 79057A   80245.02300322  .00000584  00000-0  27692-3 0  1596
2 11416  98.7085 274.7750 0012836 109.3952 250.8614 14.22886474 61338
1 11416U 79057A   80247.76546095  .00000576  00000-0  26393-3 0  1608
2 11416  98.7087 277.4865 0012896 101.7369 258.5229 14.22889066 61721
1 11416U 79057A   80251.56270465  .00000526  00000-0  24171-3 0  1614
2 11416  98.7089 281.2411 0013029  91.2838 268.9831 14.22892051 62268
1 11416U 79057A   80254.65674488  .00000512  00000-0  23544-3 0  1629
2 11416  98.7089 284.2998 0013117  82.7468 277.5200 14.22894968 62707
1 11416U 79057A   80259.29778256  .00000619  00000-0  28311-3 0  1638
2 11416  98.7042 288.8871 0013099  74.1708 286.0929 14.22902110 63362
1 11416U 79057A   80262.32147648  .00000672  00000-0  30660-3 0  1641
2 11416  98.7046 291.8756 0013065  65.8313 294.4228 14.22906641 63799
1 11416U 79057A   80281.37761220  .00000671  00000-0  30688-3 0  1666
2 11416  98.7028 310.7088 0012606  12.5025 347.6464 14.22929368 66503
1 11416U 79057A   80283.69807224  .00000751  00000-0  34201-3 0  1673
2 11416  98.7033 313.0026 0012406   6.7242 353.4100 14.22934096 66833
1 11416U 79057A   80287.35453916  .00000843  00000-0  38321-3 0  1685
2 11416  98.7030 316.6152 0012268 356.2737   3.8349 14.22941847 67358
1 11416U 79057A   80292.06571944  .00000996  00000-0  45103-3 0  1709
2 11416  98.7032 321.2709 0012227 342.4549  17.6215 14.22954006 68024
1 11416U 79057A   80294.03455697  .00001068  00000-0  48267-3 0  1710
2 11416  98.7031 323.2157 0012057 336.8676  23.1977 14.22959838 68307
1 11416U 79057A   80296.56591088  .00001123  00000-0  50745-3 0  1722
2 11416  98.7032 325.7175 0011975 329.4004  30.6484 14.22966854 68667
1 11416U 74066C   80298.34977714  .00012335  00000-0  11447-2 0 42917
2 11416  81.1763  70.9740 0015530 266.5117  93.4368 14.94219520335607
1 11416U 79057A   80299.65977187  .00001182  00000-0  53346-3 0  1739
2 11416  98.7026 328.7736 0011890 320.5457  39.4857 14.22975759 69101
1 11416U 79057A   80303.87865085  .00001189  00000-0  53607-3 0  1740
2 11416  98.7022 332.9414 0011791 307.9139  52.0970 14.22986226 69707
1 11416U 79057A   80307.74594030  .00001135  00000-0  51186-3 0  1751
2 11416  98.7021 336.7619 0011544 296.4929  63.5058 14.22993567 70252
1 11416U 79057A   80310.62881313  .00001119  00000-0  50516-3 0  1764
2 11416  98.7021 339.6105 0011275 286.8027  73.1914 14.22999698 70661
1 11416U 79057A   80317.80077555  .00001154  00000-0  52070-3 0  1773
2 11416  98.7011 346.6931 0010892 264.0348  95.9593 14.23017497 71680
1 11416U 79057A   80318.57421641  .00001169  00000-0  52753-3 0  1771
2 11416  98.7012 347.4577 0010911 261.8077  98.1866 14.23019702 71793
1 11416U 79057A   80322.37109565  .00001186  00000-0  53481-3 0  1781
2 11416  98.7003 351.2084 0010837 248.9964 111.0055 14.23029442 72335
1 11416U 79057A   80327.71482173  .00001085  00000-0  48977-3 0  1796
2 11416  98.6994 356.4841 0011033 232.5999 127.4203 14.23039945 73096
1 11416U 79057A   80330.66791961  .00000998  00000-0  45162-3 0  1809
2 11416  98.6989 359.3995 0011125 222.7576 137.2731 14.23044519 73511
1 11416U 79057A   80337.76937083  .00000961  00000-0  43449-3 0  1811
2 11416  98.6979   6.4112 0011302 200.7209 159.3514 14.23057753 74527
1 11416U 79057A   80341.98801404  .00001064  00000-0  48041-3 0  1826
2 11416  98.6980  10.5788 0011342 188.2914 171.8082 14.23068631 75124
1 11416U 79057A   80352.67512367  .00001060  00000-0  47817-3 0  1838
2 11416  98.6959  21.1273 0011879 156.9076 203.2639 14.23091944 76642
1 11416U 79057A   80355.62810385  .00001157  00000-0  52108-3 0  1844
2 11416  98.6955  24.0432 0012132 148.1063 212.0858 14.23100672 77066
1 11416U 79057A   80358.37013967  .00001223  00000-0  55000-3 0  1859
2 11416  98.6952  26.7504 0012179 140.8911 219.3151 14.23108862 77452
1 11416U 79057A   80359.70599847  .00001271  00000-0  57154-3 0  1869
2 11416  98.6950  28.0694 0012359 136.4708 223.7452 14.23113164 77645
1 11416U 79057A   80366.66648174  .00001141  00000-0  51344-3 0  1872
2 11416  98.6936  34.9377 0012618 117.4105 242.8349 14.23128335 78634
1 11416U 79057A   81028.50790673  .00000600  00000-0  27387-3 0  1939
2 11416  98.6866  62.4124 0012821  44.2490 315.9787 14.23161701 82594
1 11416U 79057A   81035.32753789  .00000924  00000-0  41657-3 0  1940
2 11416  98.6866  69.1421 0012446  24.7428 335.4349 14.23173483 83564
1 11416U 79057A   81038.63187501  .00000829  00000-0  37494-3 0  1959
2 11416  98.6848  72.4020 0012322  15.7024 344.4510 14.23178656 84031
1 11416U 79057A   81039.82705817  .00000883  00000-0  39818-3 0  1960
2 11416  98.6848  73.5815 0012272  12.3811 347.7719 14.23181244 84209
1 11416U 79057A   81046.29507494  .00000629  00000-0  28591-3 0  1975
2 11416  98.6847  79.9636 0011872 353.2661   6.8361 14.23190185 85126
1 11416U 79057A   81048.61511596  .00000723  00000-0  32767-3 0  1987
2 11416  98.6846  82.2529 0011644 346.5481  13.5453 14.23194004 85452
1 11416U 79057A   81060.98856614  .00001103  00000-0  49541-3 0  1996
2 11416  98.6827  94.4610 0011386 309.1843  50.8405 14.23216609 87210
1 11416U 79057A   81063.02734903  .00001334  00000-0  59698-3 0  2003
2 11416  98.6828  96.4726 0011211 302.8808  57.1311 14.23222894 87500
1 11416U 79057A   81066.26126808  .00001688  00000-0  75346-3 0  2012
2 11416  98.6828  99.6629 0011124 292.8858  67.1332 14.23234062 87967
1 11416U 79057A   81068.15941901  .00001773  00000-0  79107-3 0  2026
2 11416  98.6817 101.5352 0011062 286.5395  73.4526 14.23241224 88232
1 11416U 79057A   81071.32299851  .00001252  00000-0  56067-3 0  2032
2 11416  98.6821 104.6562 0010951 276.5798  83.4057 14.23247871 88689
1 11416U 79057A   81073.15084028  .00001053  00000-0  47290-3 0  2041
2 11416  98.6810 106.4596 0011003 270.5794  89.4157 14.23251095 88942
1 11416U 79057A   81075.75198363  .00001538  00000-0  68650-3 0  2059
2 11416  98.6814 109.0259 0010951 262.4408  97.5617 14.23260877 89315
1 11416U 79057A   81077.08769832  .00001435  00000-0  64147-3 0  2066
2 11416  98.6808 110.3433 0010988 258.2094 101.7812 14.23264280 89509
1 11416U 79057A   81081.30573389  .00001142  00000-0  51183-3 0  2078
2 11416  98.6792 114.5036 0011146 245.2803 114.7204 14.23273702 90103
1 11416U 79057A   81085.31284377  .00001051  00000-0  47188-3 0  2089
2 11416  98.6791 118.4557 0011268 232.4536 127.5595 14.23281868 90678
1 11416U 79057A   81087.56243760  .00001455  00000-0  65003-3 0  2106
2 11416  98.6802 120.6755 0011297 225.9748 134.0671 14.23290329 90995
1 11416U 79057A   81090.16350942  .00001562  00000-0  69721-3 0  2118
2 11416  98.6797 123.2410 0011429 217.9935 142.0440 14.23299184 91364
1 11416U 79057A   81094.17053477  .00001431  00000-0  63924-3 0  2132
2 11416  98.6768 127.1936 0011715 205.2810 154.7956 14.23316356 91934
1 11416U 79057A   81096.13887516  .00002020  00000-0  89852-3 0  2143
2 11416  98.6778 129.1341 0011637 199.8740 160.1930 14.23325982 92210
1 11416U 79057A   81100.56776872  .00001994  00000-0  88697-3 0  2121
2 11416  98.6801 133.5015 0011460 187.4568 173.3904 14.23342044 92843
1 11416U 79057A   81101.34087640  .00002359  00000-0  10477-2 0  2166
2 11416  98.6769 134.2644 0012028 184.3925 175.7265 14.23349414 92952
1 11416U 79057A   81103.73094631  .00003065  00000-0  13584-2 0  2177
2 11416  98.6766 136.6217 0012124 177.2207 182.9126 14.23366348 93291
1 11416U 79057A   81108.15954182  .00002161  00000-0  95952-3 0  2181
2 11416  98.6757 140.9896 0012442 164.5643 195.5772 14.23387918 93921
1 11416U 79057A   81109.98720384  .00002163  00000-0  96007-3 0  2193
2 11416  98.6759 142.7914 0012456 159.3155 200.8549 14.23396034 94189
1 11416U 79057A   81112.09602948  .00002086  00000-0  92626-3 0  2203
2 11416  98.6749 144.8709 0012587 153.3303 206.8549 14.23404459 94487
1 11416U 79057A   81115.11865708  .00001864  00000-0  82873-3 0  2211
2 11416  98.6740 147.8512 0012718 145.1311 215.0623 14.23415135 94913
1 11416U 79057A   81124.04585051  .00001279  00000-0  57097-3 0  2246
2 11416  98.6744 156.6543 0012994 121.3605 238.8830 14.23438400 96181
1 11416U 79057A   81127.98220116  .00001316  00000-0  58710-3 0  2256
2 11416  98.6731 160.5350 0013233 110.5563 249.7078 14.23449436 96745
1 11416U 79057A   81131.77793291  .00001495  00000-0  66586-3 0  2266
2 11416  98.6729 164.2783 0013366 101.0922 259.1810 14.23462015 97281
1 11416U 79057A   81134.30839841  .00001699  00000-0  75516-3 0  2270
2 11416  98.6722 166.7737 0013323  94.4180 265.8486 14.23471758 97641
1 11416U 79057A   81134.30840301  .00001005  00000-0  44949-3 0  2292
2 11416  98.6732 166.7697 0013144  92.0854 268.0172 14.23460121 97649
1 11416U 79057A   81134.30841396  .00001179  00000-0  52641-3 0  2286
2 11416  98.6732 166.7690 0013218  91.9639 268.2483 14.23463359 97646
1 11416U 79057A   81135.01130414  .00001316  00000-0  58681-3 0  2303
2 11416  98.6731 167.4625 0013212  89.9565 270.2121 14.23467926 97747
1 11416U 79057A   81135.01133441  .00001360  00000-0  60650-3 0  2315
2 11416  98.6726 167.4627 0013194  90.2870 270.0548 14.23468894 97742
1 11416U 79057A   81137.54177893  .00001345  00000-0  59946-3 0  2324
2 11416  98.6718 169.9607 0013256  84.9946 275.3737 14.23479004 98105
1 11416U 79057A   81142.60263160  .00000952  00000-0  42649-3 0  2336
2 11416  98.6716 174.9501 0013153  71.9638 288.2856 14.23488928 98821
1 11416U 79057A   81144.28958610  .00000639  00000-0  28887-3 0  2344
2 11416  98.6716 176.6132 0013138  67.6466 292.6072 14.23489919 99061
1 11416U 79057A   81147.45257896  .00001113  00000-0  49684-3 0  2351
2 11416  98.6712 179.7277 0013293  56.4796 303.6749 14.23501132 99511
1 11416U 79057A   81154.83296522 -.00000104  00000-0 -41843-4 0  2362
2 11416  98.6689 187.0073 0013275  37.4685 322.7416 14.23504565100560
1 11416U 79057A   81162.56471454  .00003487  00000-0  15403-2 0  2388
2 11416  98.6713 194.6297 0012376  18.9781 341.1829 14.23510983101668
1 11416U 79057A   81165.02480919  .00000375  00000-0  17277-3 0  2406
2 11416  98.6689 197.0538 0012167  11.0093 349.1361 14.23514167102010
1 11416U 79057A   81166.28999944  .00000396  00000-0  18203-3 0  2412
2 11416  98.6685 198.3007 0012167   6.9776 353.1601 14.23515366102195
1 11416U 79057A   81168.11749289  .00000532  00000-0  24160-3 0  2423
2 11416  98.6686 200.1017 0012125   2.0285 358.0978 14.23518084102455
1 11416U 79057A   81169.38268287  .00000373  00000-0  17186-3 0  2431
2 11416  98.6701 201.3466 0012343 358.6448   1.4631 14.23517361102639
1 11416U 79057A   81170.01527546  .00000173  00000-0  80237-4 0  2446
2 11416  98.6695 201.9699 0012302 356.8519   3.1667 14.23513569102723
1 11416U 79057A   81170.43700004  .00000366  00000-0  16880-3 0  2451
2 11416  98.6699 202.3862 0012369 355.4791   4.5860 14.23517962102781
1 11416U 79057A   81172.75651936  .00000690  00000-0  31123-3 0  2465
2 11416  98.6685 204.6742 0011876 348.5007  11.6619 14.23523535103115
1 11416U 79057A   81175.98974934  .00000435  00000-0  19877-3 0  2479
2 11416  98.6676 207.8611 0011563 339.0590  21.0116 14.23525394103572
1 11416U 79057A   81192.15585872  .00000291  00000-0  03575-4 0  2486
2 11416  98.6678 223.7951 0010933 288.3230  71.6717 14.23538780105871
1 11416U 79057A   81199.88743882  .00000242  00000-0  01400-4 0  2492
2 11416  98.6658 231.4130 0010760 263.2496  96.7577 14.23545265106978
1 11416U 79057A   81203.40177612  .00000242  00000-0  01400-4 0  2511
2 11416  98.6665 234.8775 0010923 252.6629 107.3418 14.23549271107479
1 11416U 79057A   81206.28352565  .00000242  00000-0  01400-4 0  2523
2 11416  98.6665 237.7169 0011040 243.3024 116.7024 14.23552704107882
1 11416U 79057A   81210.36013637  .00000242  00000-0  01400-4 0  2532
2 11416  98.6668 241.7330 0011075 230.6857 129.3343 14.23557568108463
1 11416U 79057A   81213.95541221  .00000390  00000-0  07857-4 0  2542
2 11416  98.6635 245.2496 0011206 219.2527 195.5014 14.23563576108334
1 11416U 79057A   81230.04017080  .00000491  00000-0  02313-4 0  2557
2 11416  98.6665 261.1242 0011748 171.7369 188.4011 14.23578835110627
1 11416U 79057A   81233.13271981  .00000533  00000-0  04185-4 0  2569
2 11416  98.6668 264.1720 0011943 162.9748 197.1838 14.23583126111066
1 11416U 79057A   81234.53841729  .00000964  00000-0  03066-4 0  2573
2 11416  98.6655 265.5577 0012457 158.4145 201.7565 14.23588562111269
1 11416U 79057A   81236.57667613  .00000973  00000-0  03496-4 0  2585
2 11416  98.6656 267.5655 0012623 152.8061 207.3781 14.23592567111553
1 11416U 79057A   81240.09089669  .00001072  00000-0  07807-4 0  2598
2 11416  98.6663 271.0290 0012735 142.8614 217.3449 14.23601341112052
1 11416U 79057A   81244.16736152  .00001137  00000-0  50630-3 0  2601
2 11416  98.6667 275.0471 0012715 131.7055 228.5221 14.23612137112636
1 11416U 79057A   81246.13529510  .00001213  00000-0  53988-3 0  2613
2 11416  98.6664 276.9854 0012838 126.1372 234.1000 14.23618547112914
1 11416U 79057A   81250.63340960  .00001239  00000-0  55101-3 0  2621
2 11416  98.6658 281.4154 0013008 113.6434 246.6111 14.23630418113554
1 11416U 79057A   81257.59135730  .00001259  00000-0  56011-3 0  2634
2 11416  98.6654 288.2692 0013068  94.6489 265.6183 14.23648542114543
1 11416U 79057A   81262.86246321  .00001308  00000-0  58128-3 0  2646
2 11416  98.6653 293.4616 0013065  80.4752 279.7904 14.23663464115299
1 11416U 79057A   81268.13351379  .00001335  00000-0  59262-3 0  2653
2 11416  98.6651 298.6539 0013079  66.3848 293.8702 14.23678304116048
1 11416U 79057A   81277.12931900  .00001332  00000-0  59107-3 0  2662
2 11416  98.6641 307.5141 0012949  42.0711 318.1463 14.23702473117323
1 11416U 79057A   81283.03272327  .00001383  00000-0  61354-3 0  2674
2 11416  98.6634 313.3276 0012761  26.3959 333.7872 14.23719956118164
1 11416U 79057A   81285.14106521  .00001389  00000-0  61630-3 0  2684
2 11416  98.6635 315.4047 0012691  20.2052 339.9636 14.23726024118466
1 11416U 79057A   81289.35771572  .00001458  00000-0  64645-3 0  2692
2 11416  98.6625 319.5564 0012454   8.7857 351.3541 14.23739777119064
1 11416U 79057A   81295.82315786  .00001609  00000-0  71215-3 0  2714
2 11416  98.6614 325.9207 0012196 350.6949   9.4021 14.23763867119983
1 11416U 79057A   81297.58004716  .00001674  00000-0  74006-3 0  2721
2 11416  98.6616 327.6518 0011976 345.8728  14.2117 14.23771492120238
1 11416U 79057A   81299.12610609  .00001717  00000-0  75923-3 0  2735
2 11416  98.6618 329.1758 0012057 340.5229  19.5530 14.23777900120453
1 11416U 79057A   81310.58084191  .00001412  00000-0  02519-4 0  2745
2 11416  98.6566 340.4501 0011215 306.1344  53.8796 14.23813057122088
1 11416U 79057A   81313.53232119  .00001468  00000-0  04995-4 0  2750
2 11416  98.6567 343.3559 0010979 296.9538  63.0525 14.23823166122503
1 11416U 79057A   81315.85132333  .00001669  00000-0  03750-4 0  2766
2 11416  98.6568 345.6392 0010704 290.0345  69.9689 14.23833466122837
1 11416U 79057A   81317.25676637  .00002029  00000-0  09441-4 0  2777
2 11416  98.6577 347.0242 0011013 285.7472  74.2501 14.23843002123035
1 11416U 79057A   81318.87301715  .00002125  00000-0  03623-4 0  2782
2 11416  98.6576 348.6146 0010873 280.8666  79.1290 14.23851585123267
1 11416U 79057A   81323.65147640  .00002122  00000-0  03450-4 0  2807
2 11416  98.6533 353.3147 0010926 264.7074  95.2922 14.23866844123947
1 11416U 79057A   81328.14880384  .00002123  00000-0  03450-4 0  2817
2 11416  98.6529 357.7395 0010807 250.4920 109.4946 14.23883247124586
1 11416U 79057A   81329.27313547  .00002122  00000-0  03450-4 0  2824
2 11416  98.6527 358.8455 0010872 246.9755 113.0333 14.23886585124748
1 11416U 79057A   81330.11638126  .00002123  00000-0  03450-4 0  2834
2 11416  98.6498 359.6753 0010720 243.5260 116.4660 14.23887253124867
1 11416U 79057A   81331.02989856  .00002122  00000-0  03450-4 0  2844
2 11416  98.6538   0.5782 0011150 240.1231 119.8797 14.23888683124995
1 11416U 79057A   81332.01368559  .00002123  00000-0  03450-4 0  2857
2 11416  98.6543   1.5454 0011049 239.0588 120.9423 14.23889828125135
1 11416U 79057A   81332.99747062  .00002123  00000-0  03450-4 0  2865
2 11416  98.6523   2.5122 0010936 235.8574 124.1425 14.23891068125271
1 11416U 79057A   81333.27855399  .00002122  00000-0  03450-4 0  2870
2 11416  98.6521   2.7888 0010931 234.8184 125.1979 14.23891926125314
1 11416U 79057A   81334.12179787  .00002123  00000-0  03450-4 0  2887
2 11416  98.6521   3.6182 0010929 231.8470 128.1672 14.23892689125436
1 11416U 79057A   81335.52720122  .00002122  00000-0  03450-4 0  2897
2 11416  98.6515   5.0009 0011041 227.0861 132.9386 14.23895454125630
1 11416U 79057A   81336.15962892  .00002123  00000-0  03450-4 0  2902
2 11416  98.6510   5.6232 0010896 225.0680 134.9425 14.23896694125726
1 11416U 79057A   81345.57563810  .00002125  00000-0  03450-4 0  2918
2 11416  98.6515  14.8912 0011620 196.0926 163.5276 14.23923492127062
1 11416U 79057A   81349.51073920  .00002125  00000-0  03450-4 0  2936
2 11416  98.6498  18.7613 0011696 185.4752 174.6276 14.23938656127628
1 11416U 79057A   81351.12689916  .00001783  00000-0  08550-4 0  2940
2 11416  98.6523  20.3532 0011560 180.6801 179.4361 14.23941326127859
1 11416U 79057A   81351.61877193  .00001758  00000-0  07448-4 0  2958
2 11416  98.6517  20.8364 0011565 179.4378 180.6807 14.23942757127926
1 11416U 79057A   81352.60251806  .00001625  00000-0  01680-4 0  2961
2 11416  98.6513  21.8039 0011530 176.5618 183.5418 14.23943901128067
1 11416U 79057A   81353.51599762  .00001623  00000-0  01578-4 0  2973
2 11416  98.6510  22.7019 0011503 174.2970 185.8338 14.23946762128196
1 11416U 79057A   81355.55375090  .00001543  00000-0  08104-4 0  2989
2 11416  98.6515  24.7079 0011659 168.5081 191.6365 14.23951244128488
1 11416U 79057A   81356.32669163  .00001475  00000-0  05090-4 0  2998
2 11416  98.6515  25.4677 0011827 165.3971 194.7539 14.23951912128591
1 11416U 79057A   81357.16990556  .00001319  00000-0  08289-4 0  3007
2 11416  98.6510  26.2969 0011749 163.5409 196.6122 14.23950863128715
1 11416U 79057A   81358.15364758  .00001262  00000-0  05798-4 0  3016
2 11416  98.6506  27.2643 0011646 161.1983 198.9625 14.23952293128854
1 11416U 79057A   81359.84006041  .00001098  00000-0  08679-4 0  3020
2 11416  98.6515  28.9251 0011471 156.9678 203.2013 14.23953438129096
1 11416U 79057A   81360.12113111  .00001029  00000-0  05674-4 0  3037
2 11416  98.6512  29.2014 0011569 155.6682 204.5039 14.23952866129134
1 11416U 79057A   81362.58047738  .00000877  00000-0  39021-3 0  3043
2 11416  98.6509  31.6205 0011595 148.6672 211.5192 14.23955054129487
1 11416U 79057A   81365.11008656  .00000790  00000-0  35254-3 0  3061
2 11416  98.6507  34.1087 0011770 141.2421 218.9603 14.23957529129844
1 11416U 79057A   82006.36379189  .00000865  00000-0  38520-3 0  3076
2 11416  98.6507  40.2622 0012363 123.3053 236.9312 14.23969700130739
1 11416U 79057A   82007.97990742  .00000980  00000-0  43511-3 0  3083
2 11416  98.6504  41.8518 0012533 118.9512 241.2930 14.23974079130961
1 11416U 79057A   82012.26611142  .00000987  00000-0  43782-3 0  3093
2 11416  98.6494  46.0671 0012655 106.8791 253.3771 14.23982562131577
1 11416U 79057A   82016.48203147  .00000920  00000-0  40879-3 0  3106
2 11416  98.6475  50.2065 0012747  94.9681 265.2703 14.23988612132173
1 11416U 79057A   82016.90363358  .00000885  00000-0  39297-3 0  3117
2 11416  98.6484  50.6253 0012863  93.7430 266.5200 14.23987910132237
1 11416U 79057A   82019.36291966  .00000775  00000-0  34527-3 0  3125
2 11416  98.6493  53.0469 0012941  87.5331 272.7329 14.23988963132589
1 11416U 79057A   82021.04928760  .00000681  00000-0  30440-3 0  3139
2 11416  98.6498  54.7067 0012908  82.9865 277.2775 14.23989319132828
1 11416U 79057A   82026.88128572  .00000548  00000-0  24664-3 0  3154
2 11416  98.6490  60.4425 0012803  66.8001 293.4527 14.23993572133652
1 11416U 79057A   82035.24274947  .00000708  00000-0  31608-3 0  3167
2 11416  98.6481  68.6669 0012756  44.7052 315.5158 14.24007474134846
1 11416U 79057A   82036.64802132  .00000805  00000-0  35869-3 0  3177
2 11416  98.6498  70.0536 0012762  42.6433 317.5755 14.24011970135045
1 11416U 79057A   82038.12355375  .00000853  00000-0  37929-3 0  3187
2 11416  98.6491  71.5033 0012644  36.9640 323.2436 14.24015931135255
1 11416U 79057A   82040.09092710  .00000925  00000-0  41037-3 0  3193
2 11416  98.6482  73.4355 0012565  31.2178 328.9810 14.24021564135537
1 11416U 79057A   82040.93407883  .00001015  00000-0  44932-3 0  3207
2 11416  98.6491  74.2675 0012534  29.8834 330.3084 14.24025253135651
1 11416U 79057A   82042.05828032  .00001295  00000-0  57132-3 0  3212
2 11416  98.6436  75.3701 0012332  26.2009 333.9796 14.24033584135816
1 11416U 79057A   82042.90143416  .00001243  00000-0  54899-3 0  3223
2 11416  98.6431  76.2002 0012577  23.4189 336.7562 14.24035346135937
1 11416U 79057A   82047.81981048  .00001110  00000-0  49024-3 0  3237
2 11416  98.6428  81.0347 0012354   9.5579 350.5827 14.24044596136633
1 11416U 79057A   82052.31659044  .00000617  00000-0  27576-3 0  3257
2 11416  98.6439  85.4591 0011842 358.0284   2.0849 14.24048350137276
1 11416U 79057A   82052.59763861  .00000589  00000-0  26373-3 0  3263
2 11416  98.6434  85.7349 0011773 357.1162   2.9941 14.24048484137318
1 11416U 79057A   82056.67282751  .00000660  00000-0  29473-3 0  3275
2 11416  98.6426  89.7417 0011646 345.2595  14.8240 14.24054642137896
1 11416U 79057A   82061.02903940  .00000718  00000-0  31972-3 0  3282
2 11416  98.6426  94.0243 0011395 332.7594  27.3002 14.24062330138511
1 11416U 79057A   82062.29373644  .00000801  00000-0  35593-3 0  3291
2 11416  98.6431  95.2689 0011284 329.1940  30.8585 14.24066125138696
1 11416U 79057A   82064.12051812  .00000892  00000-0  39544-3 0  3307
2 11416  98.6435  97.0664 0011288 323.1989  36.8417 14.24071242138959
1 11416U 79057A   82065.03390409  .00000943  00000-0  41797-3 0  3317
2 11416  98.6430  97.9635 0011091 320.8121  39.2280 14.24074367139086
1 11416U 79057A   82068.54692799  .00001016  00000-0  44905-3 0  3320
2 11416  98.6442 101.4214 0010891 310.5077  49.5156 14.24083109139581
1 11416U 79057A   82069.10900645  .00001103  00000-0  48655-3 0  3328
2 11416  98.6410 101.9698 0010947 307.7314  52.2873 14.24087199139660
1 11416U 79057A   82075.08110238  .00000973  00000-0  43031-3 0  3331
2 11416  98.6398 107.8397 0010931 289.5213  70.4781 14.24098090140512
1 11416U 79057A   82078.31304409  .00000935  00000-0  41407-3 0  3349
2 11416  98.6407 111.0183 0010942 279.8641  80.1302 14.24103453140979
1 11416U 79057A   82083.16093319  .00000904  00000-0  40061-3 0  3355
2 11416  98.6410 115.7849 0010912 265.0255  94.9674 14.24111774141665
1 11416U 79057A   82089.34370587  .00000895  00000-0  39605-3 0  3368
2 11416  98.6415 121.8641 0010777 244.5731 115.4335 14.24122840142545
1 11416U 79057A   82094.54281291  .00000937  00000-0  41457-3 0  3375
2 11416  98.6418 126.9774 0010724 226.9699 133.0585 14.24133647143282
1 11416U 79057A   82098.61776003  .00001064  00000-0  46955-3 0  3388
2 11416  98.6402 130.9814 0010922 214.4174 145.6298 14.24143681143868
1 11416U 79057A   82104.58962659  .00001034  00000-0  45657-3 0  3392
2 11416  98.6391 136.8499 0011087 196.8080 163.2728 14.24155812144719
1 11416U 79057A   82108.10247141  .00000724  00000-0  32153-3 0  3400
2 11416  98.6358 140.3022 0011750 185.3144 174.7913 14.24159427145210
1 11416U 79057A   82111.33427776  .00000789  00000-0  35016-3 0  3416
2 11416  98.6365 143.4797 0011949 175.9075 184.2198 14.24164565145679
1 11416U 79057A   82114.56607727  .00000748  00000-0  33219-3 0  3429
2 11416  98.6370 146.6569 0011825 166.6248 193.5244 14.24168519146139
1 11416U 79057A   82120.88913304  .00000686  00000-0  30550-3 0  3439
2 11416  98.6366 152.8691 0012022 148.8335 211.3560 14.24176371147033
1 11416U 79057A   82124.75320200  .00000691  00000-0  30720-3 0  3442
2 11416  98.6364 156.6653 0012249 137.6281 222.5844 14.24181845147589
1 11416U 79057A   82131.07619786  .00000642  00000-0  28620-3 0  3458
2 11416  98.6359 162.8773 0012419 119.7533 240.4879 14.24189104148488
1 11416U 79057A   82132.05977390  .00000608  00000-0  27167-3 0  3463
2 11416  98.6359 163.8439 0012422 117.0368 243.2078 14.24189614148623
1 11416U 79057A   82136.34534003  .00000527  00000-0  23667-3 0  3471
2 11416  98.6354 168.0535 0012612 105.3444 254.9130 14.24193299149238
1 11416U 79057A   82140.34987798  .00000415  00000-0  18760-3 0  3484
2 11416  98.6331 171.9869 0012848  94.4471 265.8177 14.24195390149804
1 11416U 79057A   82145.26771521  .00000399  00000-0  18106-3 0  3491
2 11416  98.6330 176.8204 0012981  81.7606 278.5044 14.24199340150509
1 11416U 79057A   82153.06596337  .00000424  00000-0  19151-3 0  3500
2 11416  98.6350 184.4861 0013281  58.9975 301.2516 14.24206714151619
1 11416U 79057A   82162.69076879  .00000428  00000-0  19312-3 0  3517
2 11416  98.6302 193.9330 0012850  35.9521 324.2516 14.24215571152982
1 11416U 79057A   82185.10157788  .00000403  00000-0  18260-3 0  3522
2 11416  98.6281 215.9445 0011536 332.8844  27.1732 14.24234408156171
1 11416U 79057A   82190.65155764  .00000245  00000-0  11413-3 0  3538
2 11416  98.6274 221.3948 0011026 315.4646  44.5647 14.24236238156961
1 11416U 79057A   82191.35408536  .00000288  00000-0  13295-3 0  3542
2 11416  98.6271 222.0849 0011099 313.3159  46.7097 14.24237044157063
1 11416U 79057A   82197.04455108  .00000602  00000-0  26820-3 0  3550
2 11416  98.6264 227.6727 0010780 295.2758  64.7336 14.24244170157873
1 11416U 79057A   82199.64388735  .00000407  00000-0  18386-3 0  3561
2 11416  98.6253 230.2256 0010768 286.1119  73.8866 14.24247268158246
1 11416U 79057A   82204.06977223  .00000652  00000-0  29035-3 0  3576
2 11416  98.6260 234.5696 0010772 272.7733  87.2214 14.24254417158876
1 11416U 79057A   82208.42539277  .00000618  00000-0  27561-3 0  3588
2 11416  98.6268 238.8477 0010725 260.4694  99.5273 14.24259189159497
1 11416U 79057A   82211.37597350  .00000376  00000-0  17024-3 0  3597
2 11416  98.6249 241.7424 0010820 252.4900 107.5097 14.24259256159914
1 11416U 79057A   82211.51647714  .00000372  00000-0  16856-3 0  3603
2 11416  98.6361 241.8883 0005565 284.4233  75.5031 14.24259284159938
1 11416U 79057A   82211.79750109  .00000319  00000-0  14592-3 0  3613
2 11416  98.6334 242.1641 0010113 250.5089 109.5636 14.24258636159975
