1 38771U 12049A   12261.74795290 -.00001007  31867-5  00000+0 0    19
2 38771  98.7908 319.4148 0591875 257.7303  93.4673 15.53487353    07
1 38771U 12049A   12261.74795290 -.00001007  31867-5  00000+0 0    20
2 38771  98.7908 319.4148 0591875 257.7303  93.4673 15.53487353    07
1 38771U 12049A   12261.81276747 -.00000044  00000-0  00000+0 0    30
2 38771  98.7346 319.3390 0006768  28.8307 302.0903 14.25347422    09
1 38771U 12049A   12261.88866600 -.00000044  00000-0  00000+0 0    41
2 38771  98.7344 319.4132 0003083  72.9211 287.2936 14.25353476    21
1 38771U 12049A   12262.38004292 -.00000044  00000-0  00000+0 0    59
2 38771  98.7378 319.9032 0002862  88.9458 271.2056 14.25336506    94
1 38771U 12049A   12262.52043997 -.00000044  00000-0  00000+0 0    61
2 38771  98.7382 320.0436 0002618  78.0814 282.0616 14.25335378   116
1 38771U 12049A   12262.80123537 -.00000044  00000-0  00000-0 0    73
2 38771  98.7379 320.3237 0002453  74.9267 285.2124 14.25333047   152
1 38771U 12049A   12263.78401558 -.00000044  00000-0  00000+0 0    72
2 38771  98.7380 321.3029 0002255  69.5057 290.6365 14.25335876   295
1 38771U 12049A   12264.06481004 -.00000044  00000-0  00000+0 0    89
2 38771  98.7379 321.5826 0002203  70.3432 289.7990 14.25335822   339
1 38771U 12049A   12264.69659683 -.00000044  00000-0  00000+0 0    99
2 38771  98.7349 322.2123 0005732  63.9419 295.7431 14.25014259   422
1 38771U 12049A   12264.76690525  .00000017  00000-0  72812-5 0    92
2 38771  98.7377 322.2794 0003387  74.9575 285.2457 14.25036510   433
1 38771U 12049A   12264.76690720 -.00000044  00000-0  00000+0 0   106
2 38771  98.7377 322.2806 0003237  70.0078 290.2015 14.25022963   439
1 38771U 12049A   12265.18818028 -.00000044  00000-0  00000+0 0   117
2 38771  98.7341 322.7009 0003570  65.9397 294.2546 14.25047907   491
1 38771U 12049A   12265.82008929 -.00000044  00000-0  00000-0 0   143
2 38771  98.7358 323.3301 0003379  60.9950 299.1564 14.25044544   586
1 38771U 12049A   12266.24136706 -.00000044  00000-0  00000+0 0   122
2 38771  98.7358 323.7493 0003379  59.7731 300.3782 14.25044544   649
1 38771U 12049A   12266.80307066 -.00000044  00000-0  00000-0 0   146
2 38771  98.7358 324.3083 0003379  58.1439 302.0069 14.25044544   725
1 38771U 12049A   12267.36477426 -.00000044  00000-0  00000+0 0   134
2 38771  98.7358 324.8673 0003379  56.5147 303.6355 14.25044544   807
1 38771U 12049A   12267.78605196 -.00000044  00000-0  00000-0 0   150
2 38771  98.7358 325.2865 0003379  55.2928 304.8569 14.25044544   864
1 38771U 12049A   12268.69882030 -.00000044  00000-0  00000+0 0   143
2 38771  98.7365 326.1956 0003220  54.2089 305.9457 14.25044953   991
1 38771U 12049A   12268.76903191 -.00000044  00000-0  00000-0 0   155
2 38771  98.7366 326.2656 0003216  53.8824 306.2650 14.25044922  1005
1 38771U 12049A   12269.75201276 -.00000044  00000-0  00000+0 0   159
2 38771  98.7371 327.2439 0003218  51.3202 308.8265 14.25044995  1141
1 38771U 12049A   12269.75201276 -.00000044  00000-0  00000-0 0   194
2 38771  98.7371 327.2439 0003218  51.3202 308.8265 14.25044995  1141
1 38771U 12049A   12270.73499328 -.00000044  00000-0  00000-0 0   191
2 38771  98.7375 328.2229 0003161  50.5051 309.6406 14.25045079  1288
1 38771U 12049A   12271.15627081 -.00000044  00000-0  00000+0 0   163
2 38771  98.7375 328.6422 0003155  48.9789 311.1668 14.25045108  1347
1 38771U 12049A   12271.50733529 -.00000044  00000-0  00000-0 0   180
2 38771  98.7374 328.9915 0003204  47.2128 312.9310 14.25045107  1397
1 38771U 12049A   12273.61372300 -.00000044  00000-0  00000+0 0   178
2 38771  98.7418 331.0779 0001570 184.8877 148.8363 14.21465668  1693
1 38771U 12049A   12277.20875372 -.00000044  00000-0  00000+0 0   185
2 38771  98.7390 334.6423 0002266 175.2608 184.9077 14.21469532  2201
1 38771U 12049A   12277.70147017 -.00000044  00000-0  00000-0 0   202
2 38771  98.7395 335.1304 0002331 173.9428 186.1792 14.21469735  2278
1 38771U 12049A   12278.68692134 -.00000044  00000-0  00000+0 0   192
2 38771  98.7396 336.1048 0002274 171.6714 188.4457 14.21469217  2418
1 38771U 12049A   12279.74276391 -.00000044  00000-0  00000-0 0   206
2 38771  98.7404 337.1498 0002198 164.8068 195.3110 14.21468627  2562
1 38771U 12049A   12280.16510203 -.00000044  00000-0  00000+0 0   206
2 38771  98.7405 337.5680 0002135 165.9253 194.2019 14.21468772  2623
1 38771U 12049A   12280.86899440 -.00000044  00000-0  00000-0 0   241
2 38771  98.7396 338.2650 0002314 164.5795 195.5452 14.21469352  2723
1 38771U 12049A   12281.00977329 -.00000044  00000-0  00000+0 0   217
2 38771  98.7394 338.4057 0002612 164.1716 195.9598 14.21469673  2747
1 38771U 12049A   12281.71366663 -.00000044  00000-0  00000-0 0   242
2 38771  98.7401 339.1023 0002560 161.7855 198.3433 14.21469667  2845
1 38771U 12049A   12282.06561339 -.00000044  00000-0  00000+0 0   225
2 38771  98.7395 339.4507 0002613 160.5097 199.6196 14.21469855  2895
1 38771U 12049A   12282.83989493 -.00000044  00000-0  00000-0 0   259
2 38771  98.7395 340.2180 0002790 157.5046 202.6238 14.21470839  3008
1 38771U 12049A   12283.12145271 -.00000044  00000-0  00000+0 0   237
2 38771  98.7393 340.4959 0002639 157.4934 202.6332 14.21470249  3043
1 38771U 12049A   12283.82534529 -.00000044  00000-0  00000-0 0   266
2 38771  98.7392 341.1932 0002796 155.3622 204.7664 14.21471180  3143
1 38771U 12049A   12284.17729254 -.00000044  00000-0  00000+0 0   243
2 38771  98.7392 341.5415 0002796 154.3474 205.7842 14.21471180  3191
1 38771U 12049A   12284.88118452 -.00000044  00000-0  00000-0 0   266
2 38771  98.7386 342.2370 0002852 159.0551 201.0690 14.21470722  3295
1 38771U 12049A   12285.23313208 -.00000044  00000-0  00000+0 0   250
2 38771  98.7381 342.5857 0002825 158.0730 202.0569 14.21471005  3348
1 38771U 12049A   12285.86663589 -.00000044  00000-0  00000-0 0   272
2 38771  98.7385 343.2128 0002861 156.2109 203.9175 14.21470885  3439
1 38771U 12049A   12286.35936100 -.00000044  00000-0  00000+0 0   267
2 38771  98.7390 343.7007 0002749 149.9056 210.2202 14.21471024  3507
1 38771U 12049A   12286.57053060 -.00000044  00000-0  00000+0 0   277
2 38771  98.7390 343.9097 0002767 149.8125 210.3223 14.21471085  3538
1 38771U 12049A   12286.78169846 -.00000044  00000-0  00000+0 0   281
2 38771  98.7393 344.1192 0002779 149.5277 210.6076 14.21471163  3567
1 38771U 12049A   12287.34481111  .00000236  00000-0  12792-3 0   294
2 38771  98.7389 344.6767 0002822 153.2317 206.9026 14.21472886  3646
1 38771U 12049A   12287.76714620  .00000232  00000-0  12600-3 0   300
2 38771  98.7392 345.0951 0002802 152.1294 208.0027 14.21473062  3708
1 38771U 12049A   12288.11909256  .00000245  00000-0  13235-3 0   311
2 38771  98.7392 345.4436 0002853 151.7198 208.4136 14.21473286  3752
1 38771U 12049A   12288.25987103  .00000244  00000-0  13191-3 0   324
2 38771  98.7393 345.5829 0002876 151.5239 208.6092 14.21473314  3776
1 38771U 12049A   12288.25987103  .00000244  00000-0  13191-3 0   335
2 38771  98.7393 345.5829 0002876 151.5239 208.6092 14.21473314  3776
1 38771U 12049A   12288.61181764  .00000232  00000-0  12603-3 0   349
2 38771  98.7401 345.9322 0002777 148.0387 212.0960 14.21473453  3826
1 38771U 12049A   12288.89337455  .00000121  00000-0  75448-4 0   354
2 38771  98.7404 346.2112 0002858 148.1972 211.9349 14.21472863  3868
1 38771U 12049A   12289.73804673 -.00000080  00000-0 -16630-4 0   353
2 38771  98.7402 347.0475 0002788 145.0095 215.1254 14.21472141  3984
1 38771U 12049A   12290.93466458  .00000004  00000-0  22087-4 0   360
2 38771  98.7406 348.2321 0002739 141.3013 218.8361 14.21472580  4152
1 38771U 12049A   12290.93466458  .00000004  00000-0  22087-4 0   393
2 38771  98.7406 348.2321 0002739 141.3013 218.8361 14.21472580  4152
1 38771U 12049A   12291.77933491  .00000208  00000-0  11503-3 0   398
2 38771  98.7403 349.0683 0002731 138.2755 221.8643 14.21473911  4278
1 38771U 12049A   12292.13128072  .00000228  00000-0  12433-3 0   373
2 38771  98.7403 349.4167 0002722 137.0934 223.0458 14.21474190  4329
1 38771U 12049A   12292.69439370  .00000244  00000-0  13180-3 0   390
2 38771  98.7402 349.9739 0002715 136.1113 224.0265 14.21474600  4401
1 38771U 12049A   12293.32789645  .00000282  00000-0  14893-3 0   387
2 38771  98.7399 350.6011 0002744 134.0360 226.1041 14.21475155  4491
1 38771U 12049A   12294.38373396  .00000017  00000-0  27876-4 0   399
2 38771  98.7394 351.6458 0002899 137.3829 222.7568 14.21474349  4646
1 38771U 12049A   12294.73568001  .00000001  00000-0  20670-4 0   407
2 38771  98.7392 351.9939 0002931 136.7988 223.3424 14.21474375  4699
1 38771U 12049A   12295.65073897  .00000078  00000-0  55953-4 0   409
2 38771  98.7385 352.8997 0002915 133.4675 226.6756 14.21475086  4823
1 38771U 12049A   12295.79151705  .00000062  00000-0  48408-4 0   410
2 38771  98.7385 353.0390 0002884 132.6355 227.5051 14.21474935  4846
1 38771U 12049A   12296.77696469  .00000175  00000-0  10016-3 0   418
2 38771  98.7383 354.0142 0002908 130.9272 229.2155 14.21475844  4985
1 38771U 12049A   12297.69202282  .00000174  00000-0  99804-4 0   441
2 38771  98.7380 354.9200 0002859 128.3920 231.7508 14.21476330  5119
1 38771U 12049A   12297.83280111  .00000187  00000-0  10574-3 0   422
2 38771  98.7381 355.0595 0002886 127.9783 232.1651 14.21476395  5138
1 38771U 12049A   12298.74786191 -.00000401  00000-0 -16320-3 0   451
2 38771  98.7382 355.9656 0002791 124.8202 235.3220 14.21473350  5262
1 38771U 12049A   12299.17019774 -.00000994  00000-0 -43444-3 0   437
2 38771  98.7380 356.3835 0002875 123.0969 237.0349 14.21469888  5327
1 38771U 12049A   12299.73331650 -.00001478  00000-0 -65583-3 0   457
2 38771  98.7377 356.9408 0002858 124.2491 235.8910 14.21466333  5400
1 38771U 12049A   12300.36682403 -.00001589  00000-0 -70681-3 0   441
2 38771  98.7378 357.5677 0002836 121.0452 239.1005 14.21464276  5499
1 38771U 12049A   12301.77461329 -.00000416  00000-0 -17008-3 0   452
2 38771  98.7378 358.9614 0003026 118.5488 241.6069 14.21467558  5693
1 38771U 12049A   12303.04161981  .00000260  00000-0  13916-3 0   465
2 38771  98.7377   0.2156 0002937 116.2339 243.9139 14.21470654  5874
1 38771U 12049A   12304.23824084 -.00000137  00000-0 -42492-4 0   475
2 38771  98.7374   1.4004 0002981 113.9823 246.1661 14.21469016  6042
1 38771U 12049A   12304.37901985 -.00000161  00000-0 -53373-4 0   484
2 38771  98.7374   1.5397 0002994 113.8134 246.3354 14.21468884  6061
1 38771U 12049A   12305.64602865  .00000132  00000-0  80282-4 0   496
2 38771  98.7373   2.7937 0003076 111.6796 248.4735 14.21470556  6240
1 38771U 12049A   12306.70186802  .00000256  00000-0  13726-3 0   509
2 38771  98.7368   3.8387 0003058 108.3488 251.8013 14.21471558  6392
1 38771U 12049A   12308.10965510  .00000081  00000-0  57199-4 0   516
2 38771  98.7360   5.2318 0003069 104.6767 255.4747 14.21471408  6595
1 38771U 12049A   12309.30627453 -.00000098  00000-0 -24517-4 0   529
2 38771  98.7354   6.4159 0003102 102.6828 257.4689 14.21470618  6766
1 38771U 12049A   12310.71406068  .00000115  00000-0  72828-4 0   530
2 38771  98.7351   7.8087 0003106  99.9907 260.1634 14.21471927  6965
1 38771U 12049A   12311.76989924  .00000211  00000-0  11647-3 0   542
2 38771  98.7349   8.8535 0003096  96.8838 263.2683 14.21472791  7114
1 38771U 12049A   12313.10729592  .00000019  00000-0  28778-4 0   556
2 38771  98.7347  10.1771 0003081  92.4530 267.6994 14.21472363  7304
1 38771U 12049A   12314.30391449 -.00000099  00000-0 -25287-4 0   568
2 38771  98.7347  11.3609 0003097  89.8092 270.3446 14.21471811  7475
1 38771U 12049A   12315.71169943  .00000065  00000-0  49745-4 0   573
2 38771  98.7351  12.7539 0003068  87.1880 272.9661 14.21472773  7678
1 38771U 12049A   12316.76753698  .00000169  00000-0  97308-4 0   589
2 38771  98.7354  13.7989 0003071  87.3649 272.7866 14.21473599  7829
1 38771U 12049A   12318.17532178  .00000012  00000-0  25515-4 0   593
2 38771  98.7351  15.1921 0003069  84.1110 276.0405 14.21473288  8027
1 38771U 12049A   12319.51271764 -.00000072  00000-0 -12987-4 0   602
2 38771  98.7351  16.5156 0003037  80.2693 279.8829 14.21472967  8215
1 38771U 12049A   12320.63894364  .00000264  00000-0  14079-3 0   619
2 38771  98.7350  17.6301 0003056  78.1367 282.0175 14.21475103  8375
1 38771U 12049A   12321.76516893  .00000379  00000-0  19341-3 0   627
2 38771  98.7344  18.7443 0003048  73.8459 286.3052 14.21476318  8530
1 38771U 12049A   12323.03217296  .00000170  00000-0  97681-4 0   638
2 38771  98.7340  19.9979 0003018  73.5534 286.5971 14.21476027  8710
1 38771U 12049A   12324.22878812  .00000075  00000-0  54490-4 0   643
2 38771  98.7337  21.1819 0003025  71.0671 289.0856 14.21476060  8882
1 38771U 12049A   12325.35501270  .00000206  00000-0  11429-3 0   650
2 38771  98.7333  22.2956 0002973  70.1751 289.9773 14.21477088  9049
1 38771U 12049A   12327.18512588  .00000197  00000-0  11016-3 0   669
2 38771  98.7335  24.1064 0002949  68.2770 291.8702 14.21478052  9309
1 38771U 12049A   12328.31135037  .00000037  00000-0  37065-4 0   672
2 38771  98.7334  25.2207 0002917  65.3031 294.8441 14.21477691  9460
1 38771U 12049A   12329.50796375 -.00000012  00000-0  14560-4 0   682
2 38771  98.7333  26.4044 0002871  62.8367 297.3106 14.21477626  9637
1 38771U 12049A   12330.63418598  .00000260  00000-0  13919-3 0   697
2 38771  98.7334  27.5189 0002857  59.6176 300.5294 14.21479538  9792
1 38771U 12049A   12331.90118604  .00000216  00000-0  11903-3 0   707
2 38771  98.7337  28.7729 0002881  54.1636 305.9788 14.21479922  9970
1 38771U 12049A   12332.81624271 -.00000041  00000-0  14108-5 0   732
2 38771  98.7335  29.6781 0002812  53.6150 306.5273 14.21478950 10108
1 38771U 12049A   12333.09779874 -.00000058  00000-0 -65157-5 0   710
2 38771  98.7335  29.9566 0002810  52.8417 307.3023 14.21478981 10147
1 38771U 12049A   12333.73129941 -.00000116  00000-0 -32704-4 0   733
2 38771  98.7334  30.5832 0002787  52.4156 307.7286 14.21478694 10235
1 38771U 12049A   12334.36479965  .00000068  00000-0  51158-4 0   724
2 38771  98.7333  31.2098 0002792  49.0757 311.0700 14.21479653 10326
1 38771U 12049A   12335.70218673  .00000264  00000-0  14098-3 0   730
2 38771  98.7325  32.5324 0002748  47.0069 313.1345 14.21481233 10514
1 38771U 12049A   12336.89879701  .00000123  00000-0  76372-4 0   745
2 38771  98.7320  33.7160 0002694  44.3631 315.7744 14.21480992 10685
1 38771U 12049A   12338.09540846 -.00000036  00000-0  35171-5 0   752
2 38771  98.7311  34.8996 0002718  40.7319 319.4066 14.21480469 10850
1 38771U 12049A   12339.22163021  .00000029  00000-0  33368-4 0   761
2 38771  98.7304  36.0131 0002662  38.9583 321.1807 14.21480871 11016
1 38771U 12049A   12339.57357403  .00000098  00000-0  65019-4 0   784
2 38771  98.7306  36.3613 0002645  38.8473 321.2917 14.21481373 11060
1 38771U 12049A   12340.77018297  .00000169  00000-0  97292-4 0   791
2 38771  98.7304  37.5450 0002618  34.7869 325.3468 14.21482025 11234
1 38771U 12049A   12341.96679289  .00000048  00000-0  42139-4 0   805
2 38771  98.7305  38.7287 0002517  33.0862 327.0469 14.21481775 11409
1 38771U 12049A   12343.16340363 -.00000142  00000-0 -44755-4 0   811
2 38771  98.7303  39.9122 0002526  28.9340 331.1985 14.21480892 11578
1 38771U 12049A   12343.16340363 -.00000142  00000-0 -44755-4 0   822
2 38771  98.7303  39.9122 0002526  28.9340 331.1985 14.21480892 11578
1 38771U 12049A   12344.36001303  .00000046  00000-0  41275-4 0   839
2 38771  98.7308  41.0957 0002428  26.4826 333.6498 14.21481827 11740
1 38771U 12049A   12345.76778748  .00000152  00000-0  89769-4 0   847
2 38771  98.7312  42.4883 0002350  23.5113 336.6162 14.21482730 11946
1 38771U 12049A   12347.03478550 -.00000022  00000-0  10038-4 0   858
2 38771  98.7309  43.7413 0002241  20.9636 339.1618 14.21482176 12124
1 38771U 12049A   12348.16100679 -.00000056  00000-0 -55956-5 0   865
2 38771  98.7308  44.8555 0002226  17.3340 342.7942 14.21482096 12285
1 38771U 12049A   12349.35761452  .00000120  00000-0  75057-4 0   873
2 38771  98.7304  46.0388 0002186  14.1265 345.9976 14.21483159 12457
1 38771U 12049A   12350.62461083  .00000187  00000-0  10539-3 0   889
2 38771  98.7303  47.2917 0002074  11.1754 348.9473 14.21484062 12632
1 38771U 12049A   12351.75083011  .00000053  00000-0  44247-4 0   892
2 38771  98.7298  48.4056 0002101   7.2651 352.8542 14.21483795 12795
1 38771U 12049A   12353.01782763 -.00000054  00000-0 -44208-5 0   906
2 38771  98.7297  49.6585 0002143   4.0217 356.0974 14.21483362 12978
1 38771U 12049A   12354.56637791  .00000154  00000-0  90646-4 0   913
2 38771  98.7292  51.1898 0002037 358.8278   1.2905 14.21484831 13197
1 38771U 12049A   12356.18532814 -.00002014  00000-0 -90107-3 0   924
2 38771  98.7282  52.7908 0001919 359.9261   0.1758 14.21471474 13426
1 38771U 12049A   12357.80429021 -.00002172  00000-0 -97365-3 0   938
2 38771  98.7285  54.3917 0001767 352.9441   7.1785 14.21464510 13656
1 38771U 12049A   12358.71935057 -.00000409  00000-0 -16702-3 0   948
2 38771  98.7281  55.2964 0001989 350.9504   9.1791 14.21470367 13788
1 38771U 12049A   12360.19752040  .00000247  00000-0  13286-3 0   955
2 38771  98.7282  56.7585 0001836 341.2354  18.8762 14.21473459 13994
1 38771U 12049A   12361.74608400 -.00000035  00000-0  39178-5 0   964
2 38771  98.7287  58.2900 0001698 334.6082  25.5005 14.21472553 14212
1 38771U 12049A   12362.16841973 -.00000127  00000-0 -37923-4 0   985
2 38771  98.7281  58.7077 0001724 334.5953  25.5127 14.21472230 14275
1 38771U 12049A   12363.22425931 -.00000053  00000-0 -43492-5 0   993
2 38771  98.7283  59.7518 0001712 330.6701  29.4408 14.21472498 14421
1 38771U 12049A   12364.63204263  .00000195  00000-0  10918-3 0  1005
2 38771  98.7279  61.1434 0001601 325.2039  34.9049 14.21474123 14622
1 38771U 12049A   12366.18060467  .00000079  00000-0  56317-4 0  1019
2 38771  98.7268  62.6747 0001606 321.7475  38.3567 14.21474082 14844
1 38771U 12049A   13001.30683292 -.00000109  00000-0 -29853-4 0  1029
2 38771  98.7267  63.7881 0001633 317.7328  42.3723 14.21473300 15006
1 38771U 12049A   13002.64422742  .00000027  00000-0  32372-4 0  1036
2 38771  98.7261  65.1098 0001550 312.4157  47.6903 14.21474167 15196
1 38771U 12049A   13004.19278808  .00000216  00000-0  11900-3 0  1044
2 38771  98.7257  66.6411 0001557 308.2858  51.8179 14.21475578 15418
1 38771U 12049A   13005.24862544 -.00000075  00000-0 -14271-4 0  1058
2 38771  98.7254  67.6849 0001565 304.1870  55.9134 14.21474544 15563
1 38771U 12049A   13006.72679862 -.00000066  00000-0 -10126-4 0  1067
2 38771  98.7256  69.1461 0001519 296.5352  63.5684 14.21474571 15778
1 38771U 12049A   13008.20496920  .00000257  00000-0  13773-3 0  1075
2 38771  98.7257  70.6076 0001475 288.8236  71.2789 14.21476477 15986
1 38771U 12049A   13009.68314055  .00000022  00000-0  30104-4 0  1085
2 38771  98.7262  72.0693 0001430 282.9559  77.1459 14.21475983 16191
1 38771U 12049A   13010.73897746 -.00000123  00000-0 -36103-4 0  1096
2 38771  98.7262  73.1131 0001414 280.8401  79.2601 14.21475365 16348
1 38771U 12049A   13011.79481446  .00000001  00000-0  20479-4 0  1103
2 38771  98.7260  74.1567 0001365 277.3477  82.7557 14.21475960 16495
1 38771U 12049A   13013.20259486  .00000224  00000-0  12272-3 0  1117
2 38771  98.7249  75.5484 0001373 269.6520  90.4509 14.21477582 16694
1 38771U 12049A   13014.61037504  .00000222  00000-0  12146-3 0  1127
2 38771  98.7243  76.9397 0001358 261.7283  98.3744 14.21478281 16895
1 38771U 12049A   13015.73659957  .00000029  00000-0  33346-4 0  1135
2 38771  98.7236  78.0525 0001404 254.0593 106.0416 14.21477646 17050
1 38771U 12049A   13017.00360250  .00000039  00000-0  37761-4 0  1149
2 38771  98.7232  79.3044 0001358 253.5536 106.5494 14.21477896 17233
1 38771U 12049A   13018.20021485  .00000155  00000-0  91150-4 0  1158
2 38771  98.7226  80.4873 0001367 249.0901 111.0138 14.21478958 17400
1 38771U 12049A   13019.67838296 -.00000006  00000-0  17471-4 0  1167
2 38771  98.7231  81.9487 0001495 235.5648 124.5385 14.21478745 17613
1 38771U 12049A   13020.80460699 -.00000127  00000-0 -37784-4 0  1177
2 38771  98.7229  83.0617 0001440 234.6237 125.4789 14.21478188 17778
1 38771U 12049A   13022.07160914  .00000014  00000-0  26633-4 0  1180
2 38771  98.7230  84.3137 0001456 227.7985 132.3101 14.21478950 17953
1 38771U 12049A   13023.19783112  .00000197  00000-0  11030-3 0  1192
2 38771  98.7228  85.4270 0001491 224.0844 136.0220 14.21480144 18113
1 38771U 12049A   13024.74638761 -.00000011  00000-0  15106-4 0  1200
2 38771  98.7228  86.9578 0001547 218.2640 141.8416 14.21479614 18336
1 38771U 12049A   13026.01338940 -.00000124  00000-0 -36400-4 0  1215
2 38771  98.7224  88.2099 0001542 213.0154 147.0926 14.21479046 18516
1 38771U 12049A   13027.13961194  .00000117  00000-0  73574-4 0  1226
2 38771  98.7222  89.3230 0001543 210.8474 149.2637 14.21480412 18673
1 38771U 12049A   13028.19544486  .00000195  00000-0  10915-3 0  1230
2 38771  98.7218  90.3665 0001624 204.6795 155.4310 14.21481065 18828
1 38771U 12049A   13029.18088902  .00000068  00000-0  50936-4 0  1244
2 38771  98.7212  91.3400 0001661 200.4071 159.7021 14.21480850 18964
1 38771U 12049A   13030.23672313 -.00000093  00000-0 -22639-4 0  1257
2 38771  98.7209  92.3832 0001636 198.1409 161.9702 14.21480244 19116
1 38771U 12049A   13031.78527841  .00000042  00000-0  39094-4 0  1269
2 38771  98.7210  93.9131 0001770 191.3318 168.7819 14.21480996 19332
1 38771U 12049A   13033.05227772  .00000131  00000-0  80164-4 0  1275
2 38771  98.7210  95.1650 0001738 188.1719 171.9430 14.21481756 19515
1 38771U 12049A   13034.17849915 -.00000030  00000-0  62547-5 0  1284
2 38771  98.7203  96.2782 0001885 183.9246 176.1898 14.21481322 19677
1 38771U 12049A   13035.37511045 -.00000080  00000-0 -16308-4 0  1297
2 38771  98.7202  97.4603 0001989 180.1003 180.0178 14.21481073 19843
1 38771U 12049A   13036.71249817  .00000005  00000-0  22236-4 0  1305
2 38771  98.7206  98.7820 0002115 175.9950 184.1247 14.21481650 20033
1 38771U 12049A   13038.04988585  .00000091  00000-0  61474-4 0  1318
2 38771  98.7207 100.1036 0002125 171.7276 188.3936 14.21482280 20229
1 38771U 12049A   13039.24649584 -.00000035  00000-0  39725-5 0  1329
2 38771  98.7200 101.2862 0002118 168.2833 191.8379 14.21481962 20397
1 38771U 12049A   13040.37271756 -.00000045  00000-0 -53870-6 0  1338
2 38771  98.7199 102.3987 0002147 165.9103 194.2133 14.21481874 20555
1 38771U 12049A   13041.63971613  .00000098  00000-0  64841-4 0  1342
2 38771  98.7197 103.6503 0002248 163.5667 196.5609 14.21482810 20736
1 38771U 12049A   13042.76593565  .00000229  00000-0  12455-3 0  1353
2 38771  98.7195 104.7629 0002178 159.5695 200.5555 14.21483771 20893
1 38771U 12049A   13044.10332257 -.00000015  00000-0  13214-4 0  1362
2 38771  98.7190 106.0844 0002412 157.4939 202.6329 14.21483067 21083
1 38771U 12049A   13045.22954402 -.00000155  00000-0 -50869-4 0  1372
2 38771  98.7185 107.1968 0002432 154.5151 205.6150 14.21482416 21242
1 38771U 12049A   13046.35576363  .00000067  00000-0  50786-4 0  1382
2 38771  98.7179 108.3091 0002430 151.9030 208.2283 14.21483613 21404
1 38771U 12049A   13047.62276048  .00000214  00000-0  11808-3 0  1396
2 38771  98.7180 109.5607 0002488 148.8328 211.3000 14.21484707 21586
1 38771U 12049A   13049.24170188 -.00000092  00000-0 -21994-4 0  1400
2 38771  98.7175 111.1602 0002514 145.1429 214.9902 14.21483600 21813
1 38771U 12049A   13050.36792229 -.00000091  00000-0 -21352-4 0  1419
2 38771  98.7172 112.2722 0002503 142.1564 217.9789 14.21483481 21970
1 38771U 12049A   13051.63491881  .00000112  00000-0  71108-4 0  1427
2 38771  98.7175 113.5241 0002638 140.1700 219.9692 14.21484774 22154
1 38771U 12049A   13053.18346995  .00000045  00000-0  40575-4 0  1434
2 38771  98.7171 115.0536 0002671 135.5603 224.5775 14.21484746 22378
1 38771U 12049A   13054.23930121 -.00000143  00000-0 -45346-4 0  1444
2 38771  98.7171 116.0965 0002673 132.7149 227.4252 14.21484059 22527
1 38771U 12049A   13055.64707530 -.00000057  00000-0 -60197-5 0  1453
2 38771  98.7172 117.4866 0002678 129.2314 230.9102 14.21484401 22729
1 38771U 12049A   13057.19562528  .00000170  00000-0  97698-4 0  1461
2 38771  98.7164 119.0163 0002774 126.3525 233.7910 14.21485920 22946
1 38771U 12049A   13058.46262202  .00000004  00000-0  21880-4 0  1475
2 38771  98.7165 120.2709 0003268 127.7854 232.3620 14.21485836 23126
1 38771U 12049A   13059.80000609  .00000023  00000-0  30658-4 0  1480
2 38771  98.7162 121.5918 0003266 125.5027 234.6455 14.21485876 23311
1 38771U 12049A   13061.20777869  .00000047  00000-0  41418-4 0  1499
2 38771  98.7161 122.9819 0003299 122.6843 237.4653 14.21485922 23510
1 38771U 12049A   13062.75632864  .00000041  00000-0  38810-4 0  1503
2 38771  98.7158 124.5111 0003310 120.1173 240.0333 14.21486207 23738
1 38771U 12049A   13064.16410079  .00000057  00000-0  46071-4 0  1518
2 38771  98.7155 125.9013 0003340 117.4951 242.6566 14.21486519 23931
1 38771U 12049A   13065.78303824  .00000086  00000-0  59418-4 0  1528
2 38771  98.7149 127.5000 0003333 114.7115 245.4409 14.21486699 24164
1 38771U 12049A   13067.19081017  .00000088  00000-0  60182-4 0  1535
2 38771  98.7144 128.8902 0003291 111.9219 248.2309 14.21487135 24369
1 38771U 12049A   13068.73935888  .00000057  00000-0  45966-4 0  1540
2 38771  98.7140 130.4194 0003296 108.8654 251.2881 14.21487637 24580
1 38771U 12049A   13069.79518689  .00000072  00000-0  53037-4 0  1559
2 38771  98.7137 131.4619 0003287 106.7792 253.3746 14.21487759 24734
1 38771U 12049A   13071.13256906  .00000078  00000-0  55529-4 0  1566
2 38771  98.7139 132.7823 0003271 104.3820 255.7720 14.21488124 24922
1 38771U 12049A   13072.18839714  .00000071  00000-0  52300-4 0  1574
2 38771  98.7134 133.8249 0003282 102.5694 257.5850 14.21488499 25078
1 38771U 12049A   13073.24422491  .00000045  00000-0  40589-4 0  1580
2 38771  98.7135 134.8672 0003277 100.3300 259.8247 14.21488844 25220
1 38771U 12049A   13076.20054099 -.00000149  00000-0 -48137-4 0  1599
2 38771  98.7113 137.7833 0003067  85.8341 274.3204 14.21489170 25640
1 38771U 12049A   13077.18597932  .00000116  00000-0  72919-4 0  1604
2 38771  98.7113 138.7552 0003105  84.3020 275.8530 14.21489761 25789
1 38771U 12049A   13078.24180600  .00000067  00000-0  50717-4 0  1610
2 38771  98.7128 139.8009 0003207  90.6960 269.4584 14.21489899 25937
1 38771U 12049A   13079.79035088  .00000113  00000-0  71591-4 0  1626
2 38771  98.7123 141.3298 0003186  87.7949 272.3593 14.21490273 26156
1 38771U 12049A   13081.12773057  .00000112  00000-0  71178-4 0  1632
2 38771  98.7121 142.6498 0003116  85.3127 274.8406 14.21490465 26349
1 38771U 12049A   13082.18355697  .00000066  00000-0  50195-4 0  1640
2 38771  98.7117 143.6923 0003119  83.0123 277.1409 14.21490729 26490
1 38771U 12049A   13083.23938272  .00000056  00000-0  45446-4 0  1656
2 38771  98.7117 144.7343 0003054  81.1054 279.0469 14.21490932 26648
1 38771U 12049A   13084.43601521 -.00000012  00000-0  00000+0 0    17
2 38771  98.7128 145.9119 0002785  63.8159 296.3926 14.21487187 87215
1 38771U 12049A   13084.71753847  .00000051  00000-0  43141-4 0  1669
2 38771  98.7110 146.1936 0003014  78.0252 282.1263 14.21491100 26854
1 38771U 12049A   13086.12530578  .00000053  00000-0  44354-4 0  1670
2 38771  98.7108 147.5832 0002951  75.0723 285.0781 14.21491443 27050
1 38771U 12049A   13087.18113129  .00000028  00000-0  32981-4 0  1682
2 38771  98.7110 148.6252 0002940  73.0624 287.0876 14.21491883 27209
1 38771U 12049A   13088.23695623  .00000035  00000-0  35913-4 0  1690
2 38771  98.7106 149.6676 0002917  70.9538 289.1955 14.21491999 27354
1 38771U 12049A   13089.78549891  .00000058  00000-0  46590-4 0  1706
2 38771  98.7106 151.1961 0002856  68.4247 291.7235 14.21492048 27570
1 38771U 12049A   13091.12287675  .00000086  00000-0  59293-4 0  1712
2 38771  98.7104 152.5160 0002772  65.4554 294.6912 14.21492241 27769
1 38771U 12049A   13092.17870123  .00000088  00000-0  60314-4 0  1723
2 38771  98.7105 153.5579 0002701  63.1127 297.0326 14.21492603 27913
1 38771U 12049A   13093.23452544  .00000091  00000-0  61656-4 0  1739
2 38771  98.7102 154.6001 0002677  60.8149 299.3296 14.21492846 28069
1 38771U 12049A   13094.64229055  .00000119  00000-0  74180-4 0  1742
2 38771  98.7099 155.9895 0002596  57.9477 302.1952 14.21493081 28266
1 38771U 12049A   13096.19083221  .00000140  00000-0  83780-4 0  1758
2 38771  98.7096 157.5176 0002513  54.4731 305.6680 14.21493590 28482
1 38771U 12049A   13097.38743239  .00000113  00000-0  71748-4 0  1764
2 38771  98.7095 158.6985 0002456  51.9194 308.2204 14.21494012 28652
1 38771U 12049A   13098.72480816  .00000123  00000-0  76111-4 0  1773
2 38771  98.7091 160.0186 0002376  48.8411 311.2971 14.21494285 28844
1 38771U 12049A   13100.13257186  .00000170  00000-0  97926-4 0  1784
2 38771  98.7091 161.4077 0002301  45.5844 314.5522 14.21494933 29041
1 38771U 12049A   13101.68111174  .00000122  00000-0  75701-4 0  1796
2 38771  98.7087 162.9361 0002201  41.9813 318.1532 14.21495616 29256
1 38771U 12049A   13102.73693402  .00000106  00000-0  68388-4 0  1809
2 38771  98.7085 163.9779 0002191  39.9826 320.1512 14.21496153 29402
1 38771U 12049A   13104.14469608  .00000087  00000-0  59878-4 0  1818
2 38771  98.7085 165.3670 0002117  36.7379 323.3943 14.21496376 29606
1 38771U 12049A   13105.20051760  .00000073  00000-0  53357-4 0  1824
2 38771  98.7084 166.4088 0002016  33.5180 326.6124 14.21496526 29753
1 38771U 12049A   13106.67866770  .00000050  00000-0  43057-4 0  1833
2 38771  98.7082 167.8671 0001920  29.5185 330.6100 14.21496976 29968
1 38771U 12049A   13107.80487665  .00000051  00000-0  43150-4 0  1847
2 38771  98.7081 168.9782 0001866  26.5418 333.5855 14.21497101 30127
1 38771U 12049A   13112.16893606  .00000091  00000-0  61796-4 0  1882
2 38771  98.7074 173.2846 0001602  12.1591 347.9625 14.21497868 30742
1 38771U 12049A   13114.70292367  .00000044  00000-0  40218-4 0  1908
2 38771  98.7069 175.7845 0001310   3.8876 356.2311 14.21475413 31110
1 38771U 12049A   13116.18109590  .00000035  00000-0  36092-4 0  1913
2 38771  98.7069 177.2429 0001252 358.8370   1.2804 14.21475892 31320
1 38771U 12049A   13117.23693279  .00000040  00000-0  38418-4 0  1923
2 38771  98.7071 178.2846 0001236 358.0676   2.0496 14.21476318 31476
1 38771U 12049A   13118.78549259  .00000059  00000-0  47158-4 0  1934
2 38771  98.7070 179.8123 0001119 348.8769  11.2383 14.21476395 31696
1 38771U 12049A   13120.12288545  .00000098  00000-0  64750-4 0  1944
2 38771  98.7070 181.1316 0001090 343.4060  16.7081 14.21476743 31882
1 38771U 12049A   13121.24911066  .00000137  00000-0  82797-4 0  1955
2 38771  98.7068 182.2428 0001035 335.8366  24.2762 14.21477253 32044
1 38771U 12049A   13125.33167366  .00000134  00000-0  81304-4 0  1988
2 38771  98.7063 186.2701 0000875 312.7460  47.3644 14.21478736 32623
1 38771U 12049A   13127.72489866  .00000108  00000-0  69508-4 0  2002
2 38771  98.7057 188.6314 0000818 300.5523  59.5574 14.21479611 32961
1 38771U 12049A   13129.13267729  .00000092  00000-0  62204-4 0  2010
2 38771  98.7056 190.0203 0000825 289.6924  70.4165 14.21480043 33166
1 38771U 12049A   13130.18851126  .00000073  00000-0  53515-4 0  2022
2 38771  98.7058 191.0617 0000852 280.4652  79.6430 14.21480568 33310
1 38771U 12049A   13131.38512255  .00000070  00000-0  52172-4 0  2038
2 38771  98.7056 192.2421 0000888 271.4029  88.7047 14.21480935 33482
1 38771U 12049A   13132.72251106  .00000076  00000-0  54820-4 0  2041
2 38771  98.7056 193.5614 0000934 262.1899  97.9172 14.21481255 33672
1 38771U 12049A   13134.13028834  .00000113  00000-0  71806-4 0  2054
2 38771  98.7056 194.9499 0000991 253.7710 106.3359 14.21481611 33879
1 38771U 12049A   13135.18612122  .00000080  00000-0  56785-4 0  2062
2 38771  98.7057 195.9911 0001069 248.3690 111.7373 14.21482080 34029
1 38771U 12049A   13136.66428650  .00000108  00000-0  69482-4 0  2077
2 38771  98.7056 197.4492 0001147 241.2391 118.8671 14.21482507 34232
1 38771U 12049A   13137.79050697  .00000138  00000-0  83238-4 0  2083
2 38771  98.7054 198.5600 0001189 235.6636 124.4429 14.21482877 34399
1 38771U 12049A   13139.12789410  .00000143  00000-0  85445-4 0  2093
2 38771  98.7052 199.8790 0001225 231.2220 128.8848 14.21483571 34589
1 38771U 12049A   13140.18372570  .00000138  00000-0  83103-4 0  2101
2 38771  98.7051 200.9203 0001252 227.0468 133.0604 14.21484034 34738
1 38771U 12049A   13141.80266665  .00000106  00000-0  68416-4 0  2114
2 38771  98.7048 202.5172 0001306 220.1282 139.9799 14.21484401 34968
1 38771U 12049A   13143.70316154  .00000130  00000-0  79445-4 0  2137
2 38771  98.7046 204.3921 0001511 214.2860 145.8219 14.21485018 35231
1 38771U 12049A   13144.75899217  .00000116  00000-0  72840-4 0  2146
2 38771  98.7045 205.4336 0001523 210.6432 149.4656 14.21485666 35380
1 38771U 12049A   13145.81482218  .00000089  00000-0  60755-4 0  2155
2 38771  98.7044 206.4750 0001564 206.8650 153.2446 14.21486199 35533
1 38771U 12049A   13147.08181750  .00000065  00000-0  49940-4 0  2161
2 38771  98.7044 207.7246 0001634 203.0830 157.0274 14.21486359 35713
1 38771U 12049A   13148.13764672  .00000071  00000-0  52234-4 0  2176
2 38771  98.7044 208.7658 0001704 199.7548 160.3563 14.21486569 35863
1 38771U 12049A   13149.19347600  .00000068  00000-0  51005-4 0  2183
2 38771  98.7045 209.8070 0001776 197.0112 163.1006 14.21486898 36017
1 38771U 12049A   13150.31969360  .00000061  00000-0  47899-4 0  2192
2 38771  98.7046 210.9178 0001863 194.6297 165.4827 14.21487213 36179
1 38771U 12049A   13151.72746501  .00000075  00000-0  54330-4 0  2203
2 38771  98.7046 212.3061 0001987 192.1817 167.9312 14.21487435 36378
1 38771U 12049A   13153.13523647  .00000085  00000-0  59066-4 0  2217
2 38771  98.7044 213.6945 0002036 187.3386 172.7762 14.21487764 36574
1 38771U 12049A   13154.26145347  .00000096  00000-0  63858-4 0  2226
2 38771  98.7042 214.8054 0002095 184.0436 176.0724 14.21488052 36735
1 38771U 12049A   13155.73961304  .00000028  00000-0  32902-4 0  2230
2 38771  98.7040 216.2634 0002151 179.7424 180.3755 14.21488566 36949
1 38771U 12049A   13156.79544070  .00000039  00000-0  37704-4 0  2242
2 38771  98.7038 217.3047 0002211 177.5635 182.5554 14.21488657 37092
1 38771U 12049A   13158.27359949  .00000051  00000-0  43461-4 0  2258
2 38771  98.7036 218.7625 0002319 175.0255 185.0946 14.21489217 37307
1 38771U 12049A   13159.75175801  .00000031  00000-0  34038-4 0  2264
2 38771  98.7035 220.2203 0002410 172.2765 187.8449 14.21489773 37511
1 38771U 12049A   13161.15952735  .00000018  00000-0  28031-4 0  2272
2 38771  98.7035 221.6086 0002480 169.2715 190.8516 14.21489994 37719
1 38771U 12049A   13162.21535410  .00000026  00000-0  32086-4 0  2282
2 38771  98.7035 222.6497 0002538 166.9869 193.1374 14.21490076 37861
1 38771U 12049A   13163.27118094  .00000029  00000-0  33239-4 0  2299
2 38771  98.7035 223.6908 0002592 164.6486 195.4770 14.21490297 38017
1 38771U 12049A   13163.76390017  .00000025  00000-0  31349-4 0  2308
2 38771  98.7035 224.1767 0002613 163.4064 196.7199 14.21490397 38086
1 38771U 12049A   13165.17166894  .00000005  00000-0  22098-4 0  2319
2 38771  98.7035 225.5648 0002680 160.8704 199.2575 14.21490769 38286
1 38771U 12049A   13166.22749506  .00000017  00000-0  27815-4 0  2329
2 38771  98.7035 226.6060 0002722 158.4864 201.6428 14.21490837 38431
1 38771U 12049A   13167.77604000  .00000042  00000-0  39218-4 0  2338
2 38771  98.7034 228.1331 0002797 155.5189 204.6121 14.21490844 38653
1 38771U 12049A   13169.18380830  .00000056  00000-0  45429-4 0  2344
2 38771  98.7033 229.5214 0002849 152.7534 207.3793 14.21491256 38853
1 38771U 12049A   13172.14012042  .00000069  00000-0  51609-4 0  2353
2 38771  98.7030 232.4369 0002966 145.5069 214.6301 14.21492007 39275
1 38771U 12049A   13173.40711089  .00000055  00000-0  45219-4 0  2366
2 38771  98.7029 233.6864 0003008 144.1293 216.0086 14.21492629 39454
1 38771U 12049A   13174.46293614  .00000025  00000-0  31414-4 0  2372
2 38771  98.7028 234.7275 0003041 142.5919 217.5471 14.21493058 39603
1 38771U 12049A   13175.80031409  .00000026  00000-0  31860-4 0  2380
2 38771  98.7027 236.0462 0003081 139.2482 220.8926 14.21493300 39799
1 38771U 12049A   13177.13769156  .00000046  00000-0  40838-4 0  2393
2 38771  98.7027 237.3649 0003101 136.9033 223.2387 14.21493468 39983
1 38771U 12049A   13178.26390417  .00000045  00000-0  40339-4 0  2405
2 38771  98.7028 238.4753 0003131 135.1422 225.0008 14.21493682 40146
1 38771U 12049A   13179.39011659  .00000007  00000-0  23002-4 0  2415
2 38771  98.7029 239.5856 0003143 133.7580 226.3858 14.21493946 40303
1 38771U 12049A   13180.23477572  .00000002  00000-0  20945-4 0  2430
2 38771  98.7029 240.4184 0003168 131.5974 228.5476 14.21494133 40420
1 38771U 12049A   13180.44595331  .00000080  00000-0  36656-4 0  2350
2 38771  98.7027 240.6226 0002348 130.1363 230.0627 14.21492467 40450
1 38771U 12049A   13181.29059930  .00000018  00000-0  28107-4 0  2447
2 38771  98.7028 241.4595 0003204 129.2567 230.8895 14.21494080 40577
1 38771U 12049A   13181.43138939  .00000083  00000-0  38011-4 0  2357
2 38771  98.7028 241.5944 0002363 127.3645 232.8351 14.21492665 40607
1 38771U 12049A   13182.48721130  .00000104  00000-0  47487-4 0  2355
2 38771  98.7028 242.6356 0002394 124.8277 235.3729 14.21493374 40754
1 38771U 12049A   13182.69836423  .00000041  00000-0  38530-4 0  2450
2 38771  98.7027 242.8476 0003227 127.0495 233.0978 14.21494309 40773
1 38771U 12049A   13183.75418786  .00000029  00000-0  33431-4 0  2468
2 38771  98.7025 243.8886 0003235 125.4079 234.7401 14.21494592 40926
1 38771U 12049A   13186.28816368  .00000074  00000-0  53640-4 0  2472
2 38771  98.7018 246.3815 0003155 106.0722 254.0810 14.21495129 41285
1 38771U 12049A   13190.08912564  .00000495  00000-0  24622-3 0  2485
2 38771  98.6985 250.1305 0003178 111.5792 248.5710 14.21495879 41826
1 38771U 12049A   13191.21533611  .00000312  00000-0  16265-3 0  2496
2 38771  98.7002 251.2414 0003147 108.8792 251.2760 14.21496989 41981
1 38771U 12049A   13194.80512997  .00000011  00000-0  25023-4 0  2509
2 38771  98.7016 254.7842 0003287 105.0734 255.0808 14.21497320 42491
1 38771U 12049A   13197.76142919  .00000037  00000-0  36817-4 0  2512
2 38771  98.7014 257.6987 0003288  99.3313 260.8236 14.21497776 42911
1 38771U 12049A   13198.81725010  .00000034  00000-0  35568-4 0  2528
2 38771  98.7012 258.7397 0003282  97.2619 262.8932 14.21497978 43062
1 38771U 12049A   13200.15462275  .00000048  00000-0  41924-4 0  2539
2 38771  98.7010 260.0583 0003201  95.4162 264.7380 14.21498224 43251
1 38771U 12049A   13201.77354751  .00000051  00000-0  43449-4 0  2546
2 38771  98.7007 261.6544 0003183  92.3012 267.8529 14.21498575 43483
1 38771U 12049A   13203.18130806  .00000021  00000-0  29638-4 0  2558
2 38771  98.7004 263.0422 0003130  89.7605 270.3931 14.21499122 43688
1 38771U 12049A   13204.44829180  .00000020  00000-0  29226-4 0  2561
2 38771  98.7003 264.2912 0003089  87.4983 272.6548 14.21499383 43869
1 38771U 12049A   13205.78566330  .00000022  00000-0  30028-4 0  2579
2 38771  98.7001 265.6094 0003073  84.8095 275.3433 14.21499432 44051
1 38771U 12049A   13207.12303484  .00000040  00000-0  38471-4 0  2589
2 38771  98.7001 266.9275 0003055  82.2096 277.9429 14.21499801 44243
1 38771U 12049A   13208.17885434  .00000024  00000-0  30975-4 0  2599
2 38771  98.7001 267.9682 0003051  80.2066 279.9456 14.21500026 44397
1 38771U 12049A   13209.23467339  .00000019  00000-0  28430-4 0  2606
2 38771  98.7002 269.0089 0003035  78.1160 282.0358 14.21500114 44546
1 38771U 12049A   13210.71281994  .00000030  00000-0  33651-4 0  2617
2 38771  98.7001 270.4658 0003012  75.4026 284.7485 14.21499982 44752
1 38771U 12049A   13211.76863880  .00000044  00000-0  40258-4 0  2620
2 38771  98.7000 271.5065 0002925  73.4755 286.6743 14.21500180 44902
1 38771U 12049A   13213.10600938  .00000050  00000-0  42922-4 0  2631
2 38771  98.6998 272.8249 0002859  70.6914 289.4572 14.21500655 45096
1 38771U 12049A   13214.37299149  .00000053  00000-0  44303-4 0  2648
2 38771  98.6997 274.0739 0002787  68.1110 292.0364 14.21500784 45275
1 38771U 12049A   13215.71036154  .00000060  00000-0  47201-4 0  2651
2 38771  98.6993 275.3923 0002737  65.3883 294.7579 14.21500903 45462
1 38771U 12049A   13216.76617998  .00000063  00000-0  48705-4 0  2662
2 38771  98.6991 276.4330 0002698  63.3743 296.7710 14.21501178 45614
1 38771U 12049A   13218.10354975  .00000052  00000-0  43585-4 0  2675
2 38771  98.6988 277.7512 0002624  60.4649 299.6790 14.21501811 45803
1 38771U 12049A   13219.44091886  .00000032  00000-0  34563-4 0  2687
2 38771  98.6986 279.0693 0002572  57.7509 302.3918 14.21501931 45999
1 38771U 12049A   13220.56713509  .00000050  00000-0  22675-4 0    22
2 38771  98.6998 280.1774 0002767  49.9871 310.2036 14.21501593 46169
1 38771U 12049A   13220.70790023  .00000019  00000-0  28624-4 0  2694
2 38771  98.6985 280.3178 0002535  55.2242 304.9174 14.21502057 46170
1 38771U 12049A   13221.13024340 -.00000045  00000-0 -66545-6 0  2703
2 38771  98.6985 280.7341 0002439  55.6467 304.4940 14.21487257 46239
1 38771U 12049A   13222.25646045 -.00000003  00000-0  18683-4 0  2711
2 38771  98.6986 281.8439 0002312  52.6417 307.4971 14.21487676 46391
1 38771U 12049A   13223.80500839  .00000021  00000-0  29354-4 0  2720
2 38771  98.6986 283.3699 0002281  49.6655 310.4721 14.21487975 46615
1 38771U 12049A   13225.14239035  .00000051  00000-0  43507-4 0  2736
2 38771  98.6985 284.6878 0002225  46.8487 313.2877 14.21487852 46805
1 38771U 12049A   13226.26860687  .00000069  00000-0  51735-4 0  2745
2 38771  98.6984 285.7977 0002144  44.4204 315.7145 14.21488034 46962
1 38771U 12049A   13227.74676605  .00000046  00000-0  41174-4 0  2756
2 38771  98.6981 287.2545 0002063  40.9032 319.2300 14.21488422 47174
1 38771U 12049A   13229.15453605  .00000061  00000-0  47835-4 0  2764
2 38771  98.6978 288.6420 0002011  37.7994 322.3324 14.21488741 47378
1 38771U 12049A   13230.28075183  .00000069  00000-0  51316-4 0  2779
2 38771  98.6976 289.7519 0001923  34.7604 325.3698 14.21488790 47532
1 38771U 12049A   13231.75891021  .00000065  00000-0  49875-4 0  2783
2 38771  98.6972 291.2086 0001817  30.3215 329.8067 14.21489504 47743
1 38771U 12049A   13233.72978705  .00000041  00000-0  38615-4 0  2804
2 38771  98.6969 293.1506 0001706  24.9297 335.1963 14.21490131 48028
1 38771U 12049A   13235.13755576  .00000060  00000-0  47603-4 0  2819
2 38771  98.6968 294.5377 0001663  22.9839 337.1412 14.21490220 48222
1 38771U 12049A   13236.26377055  .00000046  00000-0  41066-4 0  2828
2 38771  98.6967 295.6471 0001562  18.9099 341.2136 14.21490645 48386
1 38771U 12049A   13237.74192702  .00000031  00000-0  34028-4 0  2831
2 38771  98.6968 297.1034 0001459  13.2178 346.9037 14.21491073 48591
1 38771U 12049A   13238.79775256  .00000039  00000-0  37594-4 0  2848
2 38771  98.6968 298.1436 0001404   9.7835 350.3370 14.21491034 48741
1 38771U 12049A   13240.13513163  .00000060  00000-0  47606-4 0  2856
2 38771  98.6967 299.4613 0001303   4.4794 355.6395 14.21491222 48930
1 38771U 12049A   13241.19095741  .00000058  00000-0  46413-4 0  2863
2 38771  98.6965 300.5016 0001258   1.3395 358.7785 14.21491481 49082
1 38771U 12049A   13242.24678288  .00000048  00000-0  42124-4 0  2878
2 38771  98.6963 301.5419 0001199 355.1989   4.9177 14.21491683 49237
1 38771U 12049A   13243.79532636  .00000056  00000-0  45581-4 0  2885
2 38771  98.6959 303.0677 0001125 348.3338  11.7813 14.21491936 49454
1 38771U 12049A   13245.13270479  .00000075  00000-0  54227-4 0  2898
2 38771  98.6955 304.3855 0001050 343.5592  16.5551 14.21492047 49645
1 38771U 12049A   13246.18853011  .00000059  00000-0  46881-4 0  2904
2 38771  98.6951 305.4257 0001010 339.5090  20.6047 14.21492358 49790
1 38771U 12049A   13247.24435506  .00000034  00000-0  35657-4 0  2910
2 38771  98.6949 306.4658 0000974 332.9092  27.2034 14.21492655 49946
1 38771U 12049A   13248.72250938  .00000031  00000-0  34125-4 0  2925
2 38771  98.6948 307.9220 0000923 323.3407  36.7707 14.21492875 50155
1 38771U 12049A   13249.77833373  .00000044  00000-0  39868-4 0  2935
2 38771  98.6947 308.9620 0000909 315.8103  44.3002 14.21493059 50307
1 38771U 12049A   13251.11571147  .00000029  00000-0  33334-4 0  2940
2 38771  98.6945 310.2793 0000881 307.8577  52.2521 14.21493435 50499
1 38771U 12049A   13252.24192401  .00000011  00000-0  24900-4 0  2958
2 38771  98.6945 311.3885 0000853 300.8552  59.2542 14.21493677 50654
1 38771U 12049A   13253.79046553  .00000023  00000-0  30382-4 0  2960
2 38771  98.6944 312.9137 0000842 290.3810  69.7277 14.21493606 50875
1 38771U 12049A   13255.12784252  .00000062  00000-0  48220-4 0  2978
2 38771  98.6943 314.2310 0000850 281.6919  78.4163 14.21493726 51060
1 38771U 12049A   13256.25405475  .00000047  00000-0  41321-4 0  2989
2 38771  98.6942 315.3403 0000895 273.5523  86.5552 14.21493984 51220
1 38771U 12049A   13257.73220780  .00000059  00000-0  47120-4 0  2994
2 38771  98.6938 316.7964 0000915 264.5101  95.5972 14.21494126 51435
1 38771U 12049A   13258.78803134  .00000064  00000-0  49058-4 0  3001
2 38771  98.6935 317.8364 0000907 257.7633 102.3443 14.21494193 51583
1 38771U 12049A   13260.26618438  .00000066  00000-0  50007-4 0  3017
2 38771  98.6931 319.2925 0001017 250.6732 109.4336 14.21494557 51799
1 38771U 12049A   13261.74433731  .00000019  00000-0  28669-4 0  3020
2 38771  98.6927 320.7483 0001076 243.1700 116.9367 14.21495095 52007
1 38771U 12049A   13263.15210123  .00000034  00000-0  35358-4 0  3036
2 38771  98.6925 322.1347 0001115 236.4361 123.6710 14.21495309 52209
1 38771U 12049A   13264.27831232  .00000037  00000-0  36713-4 0  3040
2 38771  98.6927 323.2437 0001154 229.9483 130.1593 14.21495461 52366
1 38771U 12049A   13265.68607625  .00000026  00000-0  31848-4 0  3056
2 38771  98.6924 324.6299 0001263 225.2353 134.8721 14.21495844 52561
1 38771U 12049A   13268.14966162  .00000039  00000-0  37988-4 0  3060
2 38771  98.6925 327.0557 0001413 217.9099 142.1979 14.21496242 52917
1 38771U 12049A   13269.69820092  .00000055  00000-0  45143-4 0  3073
2 38771  98.6924 328.5807 0001505 211.9605 148.1482 14.21496496 53130
1 38771U 12049A   13271.10596379  .00000063  00000-0  48779-4 0  3088
2 38771  98.6921 329.9671 0001569 207.6343 152.4751 14.21496753 53337
1 38771U 12049A   13272.16178560  .00000058  00000-0  46562-4 0  3096
2 38771  98.6919 331.0069 0001623 204.3029 155.8072 14.21496918 53487
1 38771U 12049A   13273.21760718  .00000075  00000-0  54257-4 0  3106
2 38771  98.6915 332.0466 0001691 201.6348 158.4758 14.21496907 53639
1 38771U 12049A   13274.76614587  .00000072  00000-0  52981-4 0  3119
2 38771  98.6910 333.5715 0001796 196.9207 163.1911 14.21497373 53859
1 38771U 12049A   13276.73701240  .00000050  00000-0  42711-4 0  3128
2 38771  98.6904 335.5119 0001902 191.7356 168.3777 14.21498387 54134
1 38771U 12049A   13277.79283315  .00000048  00000-0  42013-4 0  3136
2 38771  98.6903 336.5514 0001959 189.0646 171.0496 14.21498399 54285
1 38771U 12049A   13279.13020632  .00000053  00000-0  44257-4 0  3146
2 38771  98.6902 337.8680 0002029 185.5795 174.5360 14.21498637 54471
1 38771U 12049A   13280.18602708  .00000028  00000-0  32626-4 0  3153
2 38771  98.6902 338.9074 0002081 184.4077 175.7083 14.21499042 54622
1 38771U 12049A   13282.15689152  .00000061  00000-0  47639-4 0  3168
2 38771  98.6901 340.8475 0002172 180.1106 180.0072 14.21499739 54906
1 38771U 12049A   13283.28309943  .00000078  00000-0  55385-4 0  3176
2 38771  98.6900 341.9562 0002228 176.1309 183.9886 14.21499839 55060
1 38771U 12049A   13286.16900668  .00000074  00000-0  53948-4 0  3198
2 38771  98.6895 344.7974 0002381 169.6308 190.4919 14.21500504 55474
1 38771U 12049A   13287.36560171  .00000099  00000-0  65265-4 0  3206
2 38771  98.6892 345.9754 0002446 166.5480 193.5763 14.21500607 55643
1 38771U 12049A   13288.77336050  .00000125  00000-0  77004-4 0  3214
2 38771  98.6887 347.3612 0002514 164.4095 195.7160 14.21501112 55840
1 38771U 12049A   13290.67383430  .00000096  00000-0  63647-4 0  3226
2 38771  98.6881 349.2320 0002593 161.0314 199.0961 14.21502222 56115
1 38771U 12049A   13291.72965221  .00000102  00000-0  66594-4 0  3230
2 38771  98.6880 350.2712 0002612 159.2991 200.8293 14.21502427 56265
1 38771U 12049A   13292.78547000  .00000124  00000-0  76807-4 0  3241
2 38771  98.6878 351.3105 0002680 156.6457 203.4842 14.21502621 56415
1 38771U 12049A   13294.12283937  .00000106  00000-0  68338-4 0  3258
2 38771  98.6877 352.6267 0002723 153.7891 206.3425 14.21503206 56605
1 38771U 12049A   13295.38982027  .00000096  00000-0  63742-4 0  3266
2 38771  98.6878 353.8737 0002765 151.6841 208.4487 14.21503772 56787
1 38771U 12049A   13296.79757603  .00000092  00000-0  61967-4 0  3276
2 38771  98.6878 355.2592 0002801 149.4428 210.6913 14.21504181 56985
1 38771U 12049A   13298.27571907  .00000131  00000-0  79574-4 0  3280
2 38771  98.6878 356.7140 0002801 147.4135 212.7215 14.21504211 57199
1 38771U 12049A   13299.75386217  .00000101  00000-0  66136-4 0  3290
2 38771  98.6876 358.1688 0002883 143.7666 216.3707 14.21504994 57406
1 38771U 12049A   13301.16161688  .00000127  00000-0  77836-4 0  3301
2 38771  98.6873 359.5545 0002920 140.4118 219.7273 14.21505431 57602
1 38771U 12049A   13302.21743235  .00000212  00000-0  11678-3 0  3319
2 38771  98.6869   0.5937 0002954 137.8896 222.2508 14.21505266 57757
1 38771U 12049A   13303.27324798  .00000179  00000-0  10184-3 0  3329
2 38771  98.6866   1.6328 0002982 136.0303 224.1112 14.21505821 57901
1 38771U 12049A   13304.75138945  .00000191  00000-0  10723-3 0  3334
2 38771  98.6862   3.0875 0003001 133.3029 226.8399 14.21507036 58118
1 38771U 12049A   13305.80720384  .00000160  00000-0  93013-4 0  3346
2 38771  98.6860   4.1264 0003038 131.0238 229.1202 14.21507381 58265
1 38771U 12049A   13307.14456847  .00000155  00000-0  90867-4 0  3354
2 38771  98.6857   5.4423 0003072 128.4530 231.6924 14.21507801 58452
1 38771U 12049A   13308.27077008  .00000142  00000-0  84685-4 0  3365
2 38771  98.6856   6.5505 0003113 126.2360 233.9106 14.21508185 58618
1 38771U 12049A   13309.39697137  .00000112  00000-0  71205-4 0  3372
2 38771  98.6856   7.6585 0003108 124.2015 235.9457 14.21508830 58772
1 38771U 12049A   13309.81930486  .00000105  00000-0  68249-4 0  3383
2 38771  98.7185   8.0781 0003217 118.7813 241.3687 14.21463710 58836
1 38771U 12049A   13311.15670835  .00000011  00000-0  25142-4 0  3394
2 38771  98.7180   9.3990 0003282 114.2178 245.9342 14.21465492 59023
1 38771U 12049A   13312.28294234  .00000029  00000-0  33318-4 0  3409
2 38771  98.7179  10.5112 0003286 111.8518 248.3009 14.21465602 59183
1 38771U 12049A   13313.69073472  .00000101  00000-0  66145-4 0  3410
2 38771  98.7178  11.9015 0003273 109.4184 250.7347 14.21466525 59386
1 38771U 12049A   13314.81696789  .00000099  00000-0  65146-4 0  3424
2 38771  98.7176  13.0137 0003285 107.2597 252.8940 14.21467062 59546
1 38771U 12049A   13316.15436911  .00000147  00000-0  87466-4 0  3436
2 38771  98.7173  14.3345 0003254 104.5431 255.6107 14.21467853 59736
1 38771U 12049A   13316.29514805  .00000161  00000-0  93844-4 0  3444
2 38771  98.7172  14.4735 0003249 104.2703 255.8835 14.21467812 59759
1 38771U 12049A   13317.35099074  .00000143  00000-0  85474-4 0  3459
2 38771  98.7169  15.5162 0003266 102.2394 257.9149 14.21468174 59904
1 38771U 12049A   13318.26605438  .00000182  00000-0  10317-3 0  3464
2 38771  98.7166  16.4198 0003250 100.5348 259.6196 14.21468605 60039
1 38771U 12049A   13319.67384408  .00000160  00000-0  93395-4 0  3476
2 38771  98.7162  17.8099 0003198  97.7865 262.3676 14.21469595 60237
1 38771U 12049A   13320.72968545  .00000232  00000-0  12617-3 0  3482
2 38771  98.7160  18.8524 0003182  95.5596 264.5944 14.21470512 60388
1 38771U 12049A   13321.78552619  .00000175  00000-0  10010-3 0  3492
2 38771  98.7158  19.8949 0003154  93.6426 266.5112 14.21471188 60533
1 38771U 12049A   13323.12292395  .00000254  00000-0  13602-3 0  3504
2 38771  98.7157  21.2153 0003108  90.9514 269.2019 14.21471682 60729
1 38771U 12049A   13324.17876406  .00000202  00000-0  11241-3 0  3512
2 38771  98.7157  22.2577 0003086  89.0239 271.1292 14.21472388 60873
1 38771U 12049A   13325.51616035  .00000197  00000-0  10997-3 0  3522
2 38771  98.7157  23.5779 0003062  86.7125 273.4402 14.21472834 61069
1 38771U 12049A   13326.71277779  .00000194  00000-0  10864-3 0  3534
2 38771  98.7157  24.7593 0003049  84.3808 275.7717 14.21473203 61237
1 38771U 12049A   13328.12056282  .00000168  00000-0  97034-4 0  3542
2 38771  98.7155  26.1493 0003039  81.8604 278.2918 14.21473798 61437
1 38771U 12049A   13329.17640114  .00000164  00000-0  94875-4 0  3558
2 38771  98.7154  27.1917 0003004  79.6811 280.4705 14.21474162 61586
1 38771U 12049A   13330.23223885  .00000115  00000-0  72515-4 0  3563
2 38771  98.7152  28.2341 0002963  77.3120 282.8388 14.21474280 61739
1 38771U 12049A   13331.28807636  .00000151  00000-0  88970-4 0  3574
2 38771  98.7149  29.2765 0002917  74.9994 285.1506 14.21474344 61882
1 38771U 12049A   13332.76624918  .00000142  00000-0  84774-4 0  3587
2 38771  98.7145  30.7359 0002835  71.4458 288.7027 14.21474742 62093
1 38771U 12049A   13334.17403259  .00000133  00000-0  81061-4 0  3594
2 38771  98.7141  32.1257 0002804  68.6302 291.5174 14.21475532 62299
1 38771U 12049A   13335.79298223  .00000147  00000-0  87412-4 0  3609
2 38771  98.7138  33.7238 0002761  65.4784 294.6681 14.21476153 62525
1 38771U 12049A   13337.27115337  .00000109  00000-0  69805-4 0  3613
2 38771  98.7137  35.1829 0002699  62.3541 297.7910 14.21476684 62734
1 38771U 12049A   13338.81971302  .00000082  00000-0  57408-4 0  3623
2 38771  98.7136  36.7114 0002636  59.0264 301.1172 14.21477504 62959
1 38771U 12049A   13340.22749350  .00000104  00000-0  67734-4 0  3636
2 38771  98.7136  38.1010 0002560  55.2767 304.8651 14.21478012 63152
1 38771U 12049A   13340.22749350  .00000104  00000-0  67734-4 0  3647
2 38771  98.7136  38.1010 0002560  55.2767 304.8651 14.21478012 63152
1 38771U 12049A   13341.28332837  .00000142  00000-0  84950-4 0  3654
2 38771  98.7136  39.1431 0002501  52.5969 307.5436 14.21478293 63308
1 38771U 12049A   13342.76149723  .00000147  00000-0  87394-4 0  3669
2 38771  98.7135  40.6022 0002427  49.1315 311.0072 14.21479266 63514
1 38771U 12049A   13343.81733162  .00000125  00000-0  77160-4 0  3679
2 38771  98.7133  41.6444 0002385  47.3126 312.8252 14.21479841 63668
1 38771U 12049A   13345.15472085  .00000160  00000-0  93363-4 0  3685
2 38771  98.7129  42.9646 0002313  44.1856 315.9505 14.21480112 63856
1 38771U 12049A   13346.28094310  .00000200  00000-0  11127-3 0  3694
2 38771  98.7126  44.0763 0002243  40.8993 319.2352 14.21480713 64016
1 38771U 12049A   13347.75910975  .00000197  00000-0  11015-3 0  3704
2 38771  98.7121  45.5353 0002170  37.4252 322.7076 14.21481853 64222
1 38771U 12049A   13348.81494228  .00000174  00000-0  99625-4 0  3710
2 38771  98.7118  46.5774 0002121  34.9741 325.1576 14.21482610 64377
1 38771U 12049A   13350.15232897  .00000165  00000-0  95414-4 0  3725
2 38771  98.7115  47.8973 0002054  31.3473 328.7826 14.21483075 64561
1 38771U 12049A   13351.27854906  .00000165  00000-0  95239-4 0  3736
2 38771  98.7114  49.0088 0001996  28.4455 331.6831 14.21483551 64728
1 38771U 12049A   13352.75671263  .00000139  00000-0  83558-4 0  3746
2 38771  98.7113  50.4675 0001917  24.1913 335.9354 14.21484505 64930
1 38771U 12049A   13354.02371807  .00000269  00000-0  12293-3 0    28
2 38771  98.7122  51.7174 0002180  18.7696 341.4045 14.21484888 65123
1 38771U 12049A   13354.16448648  .00000114  00000-0  72192-4 0  3758
2 38771  98.7112  51.8567 0001841  20.6882 339.4369 14.21485198 65133
1 38771U 12049A   13355.50187076  .00000109  00000-0  69828-4 0  3769
2 38771  98.7112  53.1765 0001769  16.5615 343.5620 14.21485456 65329
1 38771U 12049A   13356.62808907  .00000124  00000-0  76820-4 0  3774
2 38771  98.7111  54.2879 0001707  12.2370 347.8849 14.21485692 65488
1 38771U 12049A   13357.75430719  .00000091  00000-0  61660-4 0  3781
2 38771  98.7109  55.3992 0001636   9.5017 350.6191 14.21486257 65649
1 38771U 12049A   13359.23246763  .00000096  00000-0  63954-4 0  3794
2 38771  98.7107  56.8579 0001573   3.7225 356.3963 14.21486423 65859
1 38771U 12049A   13360.28829623  .00000115  00000-0  72684-4 0  3807
2 38771  98.7104  57.8999 0001518   0.3422 359.7756 14.21486664 66006
1 38771U 12049A   13361.76645639  .00000110  00000-0  70150-4 0  3816
2 38771  98.7100  59.3586 0001453 354.1329   5.9831 14.21487049 66210
1 38771U 12049A   13363.17422779  .00000091  00000-0  61723-4 0  3826
2 38771  98.7096  60.7477 0001382 348.8760  11.2387 14.21487589 66416
1 38771U 12049A   13364.23005582  .00000089  00000-0  60750-4 0  3830
2 38771  98.7093  61.7894 0001333 344.6888  15.4249 14.21487880 66561
1 38771U 12049A   13364.44122177  .00000254  00000-0  11625-3 0    21
2 38771  98.7112  61.9939 0001981 331.2526  28.9183 14.21489566 66609
1 38771U 12049A   13365.63782624  .00000102  00000-0  66856-4 0  3844
2 38771  98.7090  63.1784 0001276 338.6652  21.4471 14.21488425 66762
1 38771U 12049A   14001.76404241  .00000095  00000-0  63522-4 0  3851
2 38771  98.7089  64.2895 0001209 334.2300  25.8817 14.21489233 66921
1 38771U 12049A   14002.81986975  .00000105  00000-0  68155-4 0  3867
2 38771  98.7088  65.3312 0001182 328.7412  31.3694 14.21489958 67074
1 38771U 12049A   14004.15724988  .00000121  00000-0  75449-4 0  3873
2 38771  98.7088  66.6507 0001171 321.1710  38.9383 14.21489935 67264
1 38771U 12049A   14005.28346434  .00000164  00000-0  95008-4 0  3885
2 38771  98.7087  67.7618 0001172 314.6325  45.4756 14.21490014 67423
1 38771U 12049A   14006.40967899  .00000225  00000-0  12305-3 0  3891
2 38771  98.7087  68.8730 0001169 308.3972  51.7100 14.21490354 67581
1 38771U 12049A   14006.40967899  .00000225  00000-0  12305-3 0  3903
2 38771  98.7087  68.8730 0001169 308.3972  51.7100 14.21490354 67581
1 38771U 12049A   14007.74705868  .00000238  00000-0  12869-3 0  3917
2 38771  98.7084  70.1924 0001158 300.8909  59.2154 14.21491181 67776
1 38771U 12049A   14008.80288396  .00000196  00000-0  10962-3 0  3923
2 38771  98.7082  71.2342 0001101 295.1606  64.9457 14.21491349 67920
1 38771U 12049A   14010.14026287  .00000253  00000-0  13545-3 0  3937
2 38771  98.7078  72.5536 0001098 287.8154  72.2904 14.21491917 68117
1 38771U 12049A   14011.19608789  .00000160  00000-0  93127-4 0  3949
2 38771  98.7075  73.5953 0001130 281.5753  78.5298 14.21492166 68269
1 38771U 12049A   14012.25191290  .00000138  00000-0  83034-4 0  3953
2 38771  98.7071  74.6368 0001110 274.9290  85.1760 14.21492645 68414
1 38771U 12049A   14013.80045518  .00000120  00000-0  74968-4 0  3964
2 38771  98.7066  76.1644 0001161 267.1488  92.9557 14.21493216 68630
1 38771U 12049A   14015.13783238  .00000108  00000-0  69429-4 0  3973
2 38771  98.7063  77.4837 0001202 260.6192  99.4849 14.21493720 68828
1 38771U 12049A   14016.19365636  .00000098  00000-0  64878-4 0  3980
2 38771  98.7062  78.5251 0001227 254.9305 105.1736 14.21493989 68971
1 38771U 12049A   14017.24948011  .00000060  00000-0  47303-4 0  3995
2 38771  98.7061  79.5666 0001267 249.8628 110.2413 14.21494391 69121
1 38771U 12049A   14018.79802074  .00000070  00000-0  51982-4 0  4006
2 38771  98.7060  81.0940 0001309 242.6243 117.4801 14.21494656 69342
1 38771U 12049A   14020.13539664  .00000067  00000-0  50534-4 0  4018
2 38771  98.7059  82.4131 0001369 236.5637 123.5410 14.21494812 69531
1 38771U 12049A   14021.19121967  .00000072  00000-0  52712-4 0  4025
2 38771  98.7058  83.4545 0001440 233.1270 126.9775 14.21495162 69682
1 38771U 12049A   14022.24704249  .00000073  00000-0  53491-4 0  4039
2 38771  98.7057  84.4959 0001492 229.1106 130.9942 14.21495610 69837
1 38771U 12049A   14023.72519360  .00000103  00000-0  67155-4 0  4048
2 38771  98.7053  85.9538 0001556 223.7479 136.3575 14.21495832 70049
1 38771U 12049A   14025.20334457  .00000125  00000-0  76987-4 0  4053
2 38771  98.7049  87.4117 0001642 218.9956 141.1103 14.21496020 70250
1 38771U 12049A   14026.25916692  .00000121  00000-0  75118-4 0  4068
2 38771  98.7046  88.4531 0001696 214.7888 145.3178 14.21496516 70400
1 38771U 12049A   14027.80770555  .00000101  00000-0  66183-4 0  4077
2 38771  98.7041  89.9803 0001775 209.6683 150.4394 14.21497114 70623
1 38771U 12049A   14029.14507931  .00000133  00000-0  80666-4 0  4080
2 38771  98.7038  91.2992 0001845 205.6801 154.4285 14.21497629 70815
1 38771U 12049A   14030.76400505  .00000120  00000-0  74773-4 0  4098
2 38771  98.7034  92.8957 0001948 199.9292 160.1810 14.21498295 71046
1 38771U 12049A   14031.81982583  .00000084  00000-0  58346-4 0  4105
2 38771  98.7033  93.9369 0002008 197.6341 162.4767 14.21498827 71195
1 38771U 12049A   14033.15719808  .00000117  00000-0  73588-4 0  4115
2 38771  98.7032  95.2557 0002073 194.4285 165.6834 14.21499006 71383
1 38771U 12049A   14034.28340613  .00000114  00000-0  72238-4 0  4123
2 38771  98.7031  96.3662 0002138 191.3771 168.7358 14.21499401 71541
1 38771U 12049A   14035.76155393  .00000145  00000-0  86275-4 0  4137
2 38771  98.7029  97.8237 0002219 187.8709 172.2434 14.21499848 71756
1 38771U 12049A   14036.81737374  .00000157  00000-0  91521-4 0  4143
2 38771  98.7028  98.8648 0002276 185.3321 174.7833 14.21500804 71900
1 38771U 12049A   14038.15474421  .00000165  00000-0  95417-4 0  4151
2 38771  98.7025 100.1835 0002345 181.5523 178.5647 14.21500844 72091
1 38771U 12049A   14039.35133912  .00000194  00000-0  10862-3 0  4164
2 38771  98.7021 101.3633 0002407 178.5298 181.5887 14.21501999 72261
1 38771U 12049A   14040.75909686  .00000151  00000-0  88859-4 0  4175
2 38771  98.7017 102.7513 0002473 175.4859 184.6341 14.21502190 72465
1 38771U 12049A   14042.16685399  .00000124  00000-0  76691-4 0  4186
2 38771  98.7012 104.1393 0002536 172.5075 187.6140 14.21503103 72667
1 38771U 12049A   14043.29305900  .00000184  00000-0  10384-3 0  4191
2 38771  98.7009 105.2496 0002577 169.9033 190.2196 14.21503377 72820
1 38771U 12049A   14044.77120271  .00000126  00000-0  77554-4 0  4202
2 38771  98.7006 106.7070 0002657 166.7432 193.3816 14.21503819 73036
1 38771U 12049A   14045.26391736  .00000314  00000-0  16357-3 0  4216
2 38771  98.7006 107.1894 0002177 169.1031 191.0250 14.21504599 73105
1 38771U 12049A   14046.81244828  .00000117  00000-0  73260-4 0  4226
2 38771  98.7003 108.7194 0002745 162.4851 197.6421 14.21504856 73321
1 38771U 12049A   14048.14981508  .00000103  00000-0  67218-4 0  4239
2 38771  98.7001 110.0378 0002814 158.9051 201.2243 14.21505246 73517
1 38771U 12049A   14049.27601834  .00000112  00000-0  71350-4 0  4248
2 38771  98.7000 111.1479 0002872 156.5971 203.5338 14.21505277 73670
1 38771U 12049A   14050.82455668  .00000095  00000-0  63612-4 0  4256
2 38771  98.7004 112.6731 0002723 136.5329 223.6063 14.21475918 73891
1 38771U 12049A   14052.16194698  .00000190  00000-0  10682-3 0  4263
2 38771  98.6997 113.9926 0002809 150.0179 210.1159 14.21477385 74089
1 38771U 12049A   14053.64011756  .00000183  00000-0  10347-3 0  4271
2 38771  98.6994 115.4496 0002819 148.1681 211.9667 14.21477800 74290
1 38771U 12049A   14054.69595365  .00000163  00000-0  94714-4 0  4280
2 38771  98.6991 116.4904 0002854 146.1375 213.9985 14.21478160 74441
1 38771U 12049A   14056.17412368  .00000171  00000-0  98337-4 0  4291
2 38771  98.6985 117.9474 0002953 142.2098 217.9287 14.21479019 74657
1 38771U 12049A   14057.22995876  .00000177  00000-0  10069-3 0  4301
2 38771  98.6982 118.9881 0002961 140.5399 219.5994 14.21479570 74803
1 38771U 12049A   14058.63773840  .00000186  00000-0  10500-3 0  4313
2 38771  98.6977 120.3756 0003009 137.6348 222.5062 14.21480546 75008
1 38771U 12049A   14059.76396136  .00000165  00000-0  95442-4 0  4324
2 38771  98.6974 121.4855 0003026 135.7859 224.3561 14.21481709 75165
1 38771U 12049A   14060.81979455  .00000160  00000-0  93237-4 0  4339
2 38771  98.6971 122.5259 0003086 133.2110 226.9326 14.21482619 75316
1 38771U 12049A   14062.15718211  .00000183  00000-0  10374-3 0  4345
2 38771  98.6970 123.8438 0003068 131.1830 228.9612 14.21483315 75509
1 38771U 12049A   14063.28340259  .00000210  00000-0  11578-3 0  4352
2 38771  98.6969 124.9537 0003089 129.1389 231.0063 14.21483664 75667
1 38771U 12049A   14064.76156685  .00000153  00000-0  89754-4 0  4363
2 38771  98.6967 126.4103 0003123 126.4266 233.7199 14.21484577 75870
1 38771U 12049A   14066.16934139  .00000140  00000-0  83797-4 0  4375
2 38771  98.6966 127.7974 0003116 124.0337 236.1137 14.21485325 76078
1 38771U 12049A   14067.29556027  .00000159  00000-0  92785-4 0  4384
2 38771  98.6963 128.9072 0003170 121.4276 238.7212 14.21485646 76236
1 38771U 12049A   14068.77372217  .00000165  00000-0  95450-4 0  4395
2 38771  98.6960 130.3637 0003136 119.0515 241.0977 14.21486199 76440
1 38771U 12049A   14070.18149493  .00000185  00000-0  10437-3 0  4406
2 38771  98.6956 131.7509 0003127 116.5665 243.5833 14.21486878 76640
1 38771U 12049A   14071.37810114  .00000156  00000-0  91478-4 0  4417
2 38771  98.6953 132.9299 0003144 114.2281 245.9225 14.21487558 76810
1 38771U 12049A   14072.57470693  .00000193  00000-0  10833-3 0  4421
2 38771  98.6949 134.1089 0003176 111.4283 248.7233 14.21488101 76985
1 38771U 12049A   14073.77131196  .00000175  00000-0  99783-4 0  4439
2 38771  98.6948 135.2880 0003083 110.3912 249.7597 14.21488654 77156
1 38771U 12049A   14075.10869435  .00000157  00000-0  91636-4 0  4442
2 38771  98.6944 136.6056 0003199 106.8620 253.2908 14.21489314 77347
