1 09057U 76077A   78310.54329804 -.00000840  00000-0  00000-0 0  2583
2 09057 101.9803 354.3275 0009817 148.3363 211.8248 12.38311609102729
1 09057U 76077A   78314.50195056 -.00000824  00000-0  00000-0 0  2596
2 09057 101.9793 358.2094 0009952 140.8675 219.3065 12.38312308103214
1 09057U 76077A   78321.04585413 -.00000855  00000-0  00000-0 0  2609
2 09057 101.9771   4.6239 0010226 128.8648 231.3285 12.38307812104027
1 09057U 76077A   78324.51977284 -.00000928  00000-0  00000-0 0  2617
2 09057 101.9756   8.0280 0010333 122.4527 237.7493 12.38310350104458
1 09057U 76077A   78329.52868398 -.00000930  00000-0  00000-0 0  2622
2 09057 101.9749  12.9372 0010516 114.2290 245.9829 12.38307119105077
1 09057U 76077A   78332.51786696 -.00000981  00000-0  00000-0 0  2632
2 09057 101.9742  15.8668 0010487 108.4980 251.7180 12.38311392105442
1 09057U 76077A   78337.52677465 -.00000979  00000-0  00000-0 0  2649
2 09057 101.9736  20.7769 0010556  99.4064 260.8149 12.38307847106066
1 09057U 76077A   78341.56621426 -.00000961  00000-0  00000-0 0  2656
2 09057 101.9739  24.7384 0010483  91.5729 268.6491 12.38308215106567
1 09057U 76077A   78344.55539845 -.00000964  00000-0  00000-0 0  2665
2 09057 101.9733  27.6681 0010539  86.7665 273.4560 12.38306174106934
1 09057U 76077A   78347.54457966 -.00000009  00000-0  00000-0 0  2671
2 09057 101.9696  30.5916 0010324  85.2515 274.9683 12.38313810107305
1 09057U 76077A   78354.00768085 -.00000002  00000-0  00000-0 0  2681
2 09057 101.9688  36.9254 0010242  74.1158 286.0989 12.38311164108102
1 09057U 76077A   78361.03630122  .00000005  00000-0  00000-0 0  2695
2 09057 101.9674  43.8108 0010308  61.7850 298.4209 12.38308715108971
1 09057U 76077A   79001.52992155 -.00000021  00000-0  00000-0 0  2709
2 09057 101.9675  49.1867 0010137  51.7074 308.4856 12.38311156109659
1 09057U 76077A   79009.04326873  .00000011  00000-0  00000-0 0  2711
2 09057 101.9686  56.5536 0010378  35.3332 324.8373 12.38311691110582
1 09057U 76077A   79015.50636015  .00000001  00000-0  00000-0 0  2721
2 09057 101.9671  62.8862 0010262  24.0065 336.1431 12.38313195111389
1 09057U 76077A   79022.53497340  .00000017  00000-0  00000-0 0  2736
2 09057 101.9659  69.7718 0010148  11.9432 348.1826 12.38311569112258
1 09057U 76077A   79028.51333212  .00000021  00000-0  00000-0 0  2743
2 09057 101.9658  75.6294 0010139   1.0191 359.0847 12.38309843112991
1 09057U 76077A   79036.51139818  .00000047  00000-0  00000-0 0  2757
2 09057 101.9649  83.4637 0010003 345.9432  14.1307 12.38320737113982
1 09057U 76077A   79037.56165596  .00000051  00000-0  00000-0 0  2761
2 09057 101.9647  84.4923 0010166 343.8674  16.2020 12.38307659114113
1 09057U 76077A   79041.52029677  .00000049  00000-0  00000-0 0  2779
2 09057 101.9634  88.3676 0009573 335.4084  24.6477 12.38313154114609
1 09057U 76077A   79048.54890535  .00000050  00000-0  00000-0 0  2780
2 09057 101.9604  95.2491 0009416 322.6698  37.3666 12.38309197115472
1 09057U 76077A   79052.50754345  .00000051  00000-0  00000-0 0  2791
2 09057 101.9609  99.1275 0009544 315.9501  44.0757 12.38315022115964
1 09057U 76077A   79068.50368391 -.00000009  00000-0  00000-0 0  2817
2 09057 101.9575 114.7872 0009368 286.3196  73.6792 12.38314871117946
1 09057U 76077A   79076.50175217 -.00000000  00000-0  00000-0 0  2821
2 09057 101.9545 122.6144 0009221 269.4614  90.5348 12.38315742118931
1 09057U 76077A   79083.53035990 -.00000009  00000-0  00000-0 0  2835
2 09057 101.9541 129.4938 0009185 255.1175 104.8827 12.38313851119803
1 09057U 76077A   79090.55896275 -.00000017  00000-0  00000-0 0  2846
2 09057 101.9537 136.3748 0009166 243.0750 116.9333 12.38317825120676
1 09057U 76077A   79096.61810567 -.00000027  00000-0  00000-0 0  2851
2 09057 101.9513 142.3018 0009290 228.1920 131.8306 12.38314635121424
1 09057U 76077A   79103.56591948  .00000083  00000-0  00000-0 0  2865
2 09057 101.9512 149.1012 0009276 214.4127 145.6291 12.38316471122284
1 09057U 76077A   79110.67531246  .00000114  00000-0  00000-0 0  2876
2 09057 101.9510 156.0604 0009226 201.4335 158.6298 12.38315077123168
1 09057U 76077A   79118.51179711  .00000056  00000-0  00000-0 0  2888
2 09057 101.9478 163.7234 0009603 185.4542 174.6374 12.38318478124134
1 09057U 76077A   79125.54039871  .00000000  00000-0  00000-0 0  2891
2 09057 101.9460 170.5981 0009721 172.1851 187.9321 12.38317874125002
1 09057U 76077A   79131.51874772  .00000010  00000-0  00000-0 0  2905
2 09057 101.9449 176.4452 0009942 161.0520 199.0871 12.38317686125748
1 09057U 76077A   79139.51680807  .00000023  00000-0  00000-0 0  2912
2 09057 101.9446 184.2698 0010074 146.7961 213.3692 12.38316722126732
1 09057U 76077A   79146.54540608 -.00000175  00000-0  00000-0 0  2927
2 09057 101.9426 191.1415 0010162 134.0919 226.0938 12.38315985127606
1 09057U 76077A   79154.05873023 -.00000056  00000-0  00000-0 0  2931
2 09057 101.9428 198.4916 0010309 121.3540 238.8489 12.38317234128530
1 09057U 76077A   79160.52180327  .00000029  00000-0  00000-0 0  2948
2 09057 101.9420 204.8123 0010676 110.8929 249.3234 12.38316555129334
1 09057U 76077A   79168.51985328  .00000071  00000-0  00000-0 0  2957
2 09057 101.9408 212.6330 0010739  96.9894 263.2347 12.38316853130324
1 09057U 76077A   79176.51790174  .00000111  00000-0  00000-0 0  2965
2 09057 101.9401 220.4529 0010835  83.2800 276.9452 12.38318482131315
1 09057U 76077A   79184.03121759  .00000135  00000-0  00000-0 0  2975
2 09057 101.9394 227.7997 0010689  70.9601 289.2575 12.38316086132248
1 09057U 76077A   79190.00954736 -.00000063  00000-0 -43410-3 0  2997
2 09057 101.9485 233.6355 0008634  50.8369 309.3458 12.38316976132981
1 09057U 76077A   79197.03814750 -.00000126  00000-0 -90915-3 0  3003
2 09057 101.9491 240.5118 0008267  45.7452 314.4376 12.38314595133858
1 09057U 76077A   79197.68445347  .00000058  00000-0  49640-3 0  3018
2 09057 101.9390 241.1375 0010075  45.6437 314.6115 12.38319418133931
1 09057U 76077A   79201.56227501  .00000021  00000-0  21588-3 0  3023
2 09057 101.9413 244.9280 0009888  38.6760 321.5011 12.38319241134414
1 09057U 76077A   79207.70218058  .00000086  00000-0  71467-3 0  3035
2 09057 101.9331 250.9182 0010726  22.7394 337.4337 12.38321236135179
1 09057U 76077A   79209.64109729  .00000014  00000-0  16057-3 0  3040
2 09057 101.9336 252.8127 0010825  20.7978 339.3461 12.38319942135428
1 09057U 76077A   79212.63026514 -.00000049  00000-0 -32679-3 0  3052
2 09057 101.9356 255.7361 0010936  16.2598 343.8628 12.38318487135791
1 09057U 76077A   79216.66968296 -.00000087  00000-0 -53110-3 0  3067
2 09057 101.9364 259.6840 0010840   9.2041 350.9079 12.38317559136298
1 09057U 76077A   79218.68939006 -.00000010  00000-0 -28190-4 0  3076
2 09057 101.9366 261.6572 0010905   5.1934 354.9347 12.38318817136541
1 09057U 76077A   79224.50613996  .00000016  00000-0  17428-3 0  3087
2 09057 101.9372 267.3410 0011204 354.0482   6.0464 12.38319404137267
1 09057U 76077A   79231.69629157  .00000083  00000-0  68828-3 0  3096
2 09057 101.9369 274.3652 0011465 342.5124  17.5841 12.38321272138154
1 09057U 76077A   79234.52387523  .00000030  00000-0  28022-3 0  3105
2 09057 101.9382 277.1313 0011168 337.4542  22.6000 12.38320230138507
1 09057U 76077A   79257.54852375  .00000010  00000-0  13844-3 0  3120
2 09057 101.9308 299.6461 0009479 293.9861  66.0211 12.38320205141355
1 09057U 76077A   79262.63818870 -.00000047  00000-0 -30716-3 0  3149
2 09057 101.9320 304.6202 0009342 282.8875  77.1151 12.38318942141980
1 09057U 76077A   79265.54656789 -.00000031  00000-0 -18255-3 0  3159
2 09057 101.9324 307.4613 0008991 276.3996  83.6099 12.38319046142342
1 09057U 76077A   79276.53376287 -.00000007  00000-0  01269-6 0  3176
2 09057 101.9286 318.1890 0009410 258.2034 101.7975 12.38320255143704
1 09057U 76077A   79290.02542461  .00000015  00000-0  07896-4 0  3207
2 09057 101.9253 331.3645 0009780 227.5646 132.5590 12.38320827145376
1 09057U 76077A   79301.01261225 -.00000062  00000-0  01830-4 0  3222
2 09057 101.9185 342.0770 0009376 206.6220 153.4268 12.38319683146738
1 09057U 76077A   79302.54759333 -.00000046  00000-0  09556-4 0  3239
2 09057 101.9218 343.5801 0009464 201.0312 159.0434 12.38319683146923
1 09057U 76077A   79311.51510809  .00000034  00000-0  32393-3 0  3240
2 09057 101.9277 352.3445 0010047 177.1731 182.9857 12.38320020148032
1 09057U 76077A   79313.05006916  .00000101  00000-0  83881-3 0  3254
2 09057 101.9256 353.8404 0009904 184.4194 175.6927 12.38321978148225
1 09057U 76077A   79313.53479399  .00000105  00000-0  86582-3 0  3262
2 09057 101.9262 354.3127 0010157 184.1966 175.9017 12.38322200148284
1 09057U 76077A   79318.05893620  .00000026  00000-0  26139-3 0  3276
2 09057 101.9250 358.7303 0009759 178.4502 181.6537 12.38321553148846
1 09057U 76077A   79321.53283586 -.00000035  00000-0 -21163-3 0  3282
2 09057 101.9247   2.1163 0010365 171.8820 188.2420 12.38320535149272
1 09057U 76077A   79340.03336622 -.00000036  00000-0 -21589-3 0  3304
2 09057 101.9187  20.1751 0009789 136.4073 223.7774 12.38319684151568
1 09057U 76077A   80010.09549627 -.00000030  00000-0 -17764-3 0  3323
2 09057 101.9171  54.3725 0010116  71.5416 288.6760 12.38318717155900
1 09057U 76077A   80028.11129394 -.00000016  00000-0 -67405-4 0  3333
2 09057 101.9117  71.9439 0010284  38.1023 322.0767 12.38318691158135
