exon	relative_pos_in_circle	relative_pos_in_exon	coverage
4	1	1	6
4	2	2	6
4	3	3	6
4	4	4	6
4	5	5	6
4	6	6	6
4	7	7	6
4	8	8	6
4	9	9	6
4	10	10	6
4	11	11	6
4	12	12	6
4	13	13	6
4	14	14	6
4	15	15	6
4	16	16	6
4	17	17	6
4	18	18	6
4	19	19	6
4	20	20	6
4	21	21	6
4	22	22	6
4	23	23	6
4	24	24	6
4	25	25	6
4	26	26	6
4	27	27	6
4	28	28	6
4	29	29	6
4	30	30	6
4	31	31	6
4	32	32	6
4	33	33	6
4	34	34	6
4	35	35	6
4	36	36	6
4	37	37	6
4	38	38	5
4	39	39	5
4	40	40	5
4	41	41	5
4	42	42	5
4	43	43	4
4	44	44	4
4	45	45	4
4	46	46	4
4	47	47	4
4	48	48	4
4	49	49	4
4	50	50	3
4	51	51	2
4	52	52	2
4	53	53	2
4	54	54	2
4	55	55	2
4	56	56	2
4	57	57	2
4	58	58	2
4	59	59	2
4	60	60	2
4	61	61	2
4	62	62	2
4	63	63	2
4	64	64	2
4	65	65	2
4	66	66	2
4	67	67	2
4	68	68	2
4	69	69	2
4	70	70	2
4	71	71	2
4	72	72	2
4	73	73	2
4	74	74	2
4	75	75	2
4	76	76	2
4	77	77	2
4	78	78	2
4	79	79	2
4	80	80	2
4	81	81	2
4	82	82	2
4	83	83	2
4	84	84	2
4	85	85	2
4	86	86	2
4	87	87	2
4	88	88	2
4	89	89	2
4	90	90	2
4	91	91	2
4	92	92	2
4	93	93	2
4	94	94	2
4	95	95	2
4	96	96	2
4	97	97	2
4	98	98	2
4	99	99	2
4	100	100	2
5	101	1	2
5	102	2	2
5	103	3	2
5	104	4	2
5	105	5	2
5	106	6	2
5	107	7	2
5	108	8	2
5	109	9	2
5	110	10	2
5	111	11	2
5	112	12	2
5	113	13	2
5	114	14	2
5	115	15	2
5	116	16	2
5	117	17	2
5	118	18	2
5	119	19	2
5	120	20	2
5	121	21	2
5	122	22	2
5	123	23	2
5	124	24	2
5	125	25	2
5	126	26	2
5	127	27	2
5	128	28	2
5	129	29	2
5	130	30	2
5	131	31	2
5	132	32	2
5	133	33	2
5	134	34	2
5	135	35	2
5	136	36	2
5	137	37	2
5	138	38	2
5	139	39	2
5	140	40	2
5	141	41	2
5	142	42	2
5	143	43	2
5	144	44	2
5	145	45	2
5	146	46	2
5	147	47	2
5	148	48	2
5	149	49	2
5	150	50	2
5	151	51	2
5	152	52	2
5	153	53	2
5	154	54	2
5	155	55	2
5	156	56	2
5	157	57	2
5	158	58	2
5	159	59	2
5	160	60	2
5	161	61	2
5	162	62	2
5	163	63	2
5	164	64	2
5	165	65	2
5	166	66	2
5	167	67	2
5	168	68	2
5	169	69	2
5	170	70	2
5	171	71	2
5	172	72	2
5	173	73	2
5	174	74	2
5	175	75	2
5	176	76	2
5	177	77	2
5	178	78	2
5	179	79	2
5	180	80	2
5	181	81	2
5	182	82	2
5	183	83	2
5	184	84	2
5	185	85	2
5	186	86	2
5	187	87	2
5	188	88	2
5	189	89	2
5	190	90	2
5	191	91	2
5	192	92	2
5	193	93	2
5	194	94	2
5	195	95	2
5	196	96	2
5	197	97	2
5	198	98	2
5	199	99	2
5	200	100	2
5	201	101	1
5	202	102	1
5	203	103	1
5	204	104	1
5	205	105	1
5	206	106	0
5	207	107	0
5	208	108	0
5	209	109	0
5	210	110	0
5	211	111	0
5	212	112	0
5	213	113	0
5	214	114	0
5	215	115	0
5	216	116	0
5	217	117	0
5	218	118	0
5	219	119	0
5	220	120	0
5	221	121	0
5	222	122	0
5	223	123	0
5	224	124	0
5	225	125	0
5	226	126	0
5	227	127	0
5	228	128	0
5	229	129	0
5	230	130	0
5	231	131	0
5	232	132	0
6	233	0	0
6	234	1	0
6	235	2	0
6	236	3	0
6	237	4	0
6	238	5	0
6	239	6	0
6	240	7	0
6	241	8	0
6	242	9	0
6	243	10	0
6	244	11	0
6	245	12	0
6	246	13	0
6	247	14	0
6	248	15	0
6	249	16	0
6	250	17	0
6	251	18	0
6	252	19	0
6	253	20	0
6	254	21	0
6	255	22	0
6	256	23	0
6	257	24	0
6	258	25	0
6	259	26	0
6	260	27	0
6	261	28	0
6	262	29	0
6	263	30	0
6	264	31	0
6	265	32	0
6	266	33	0
6	267	34	0
6	268	35	0
6	269	36	0
6	270	37	0
6	271	38	0
6	272	39	0
6	273	40	0
6	274	41	0
6	275	42	0
6	276	43	0
6	277	44	0
6	278	45	0
6	279	46	0
6	280	47	0
6	281	48	0
6	282	49	0
7	283	1	1
7	284	2	2
7	285	3	2
7	286	4	2
7	287	5	2
7	288	6	2
7	289	7	2
7	290	8	2
7	291	9	3
7	292	10	4
7	293	11	4
7	294	12	4
7	295	13	4
7	296	14	4
7	297	15	4
7	298	16	4
7	299	17	4
7	300	18	4
7	301	19	4
7	302	20	4
7	303	21	4
7	304	22	4
7	305	23	4
7	306	24	4
7	307	25	4
7	308	26	4
7	309	27	4
7	310	28	4
7	311	29	4
7	312	30	4
7	313	31	4
7	314	32	4
7	315	33	4
7	316	34	4
7	317	35	4
7	318	36	4
7	319	37	4
7	320	38	4
7	321	39	4
7	322	40	4
7	323	41	4
7	324	42	4
7	325	43	4
7	326	44	4
7	327	45	4
7	328	46	4
7	329	47	4
7	330	48	4
7	331	49	4
7	332	50	4
7	333	51	4
7	334	52	4
7	335	53	4
7	336	54	4
7	337	55	4
7	338	56	4
7	339	57	4
7	340	58	4
7	341	59	4
7	342	60	4
7	343	61	4
7	344	62	4
7	345	63	4
7	346	64	4
7	347	65	4
7	348	66	4
7	349	67	4
7	350	68	4
7	351	69	4
7	352	70	4
7	353	71	4
7	354	72	4
7	355	73	4
7	356	74	4
7	357	75	4
7	358	76	4
7	359	77	4
7	360	78	4
7	361	79	4
7	362	80	4
7	363	81	4
7	364	82	4
7	365	83	4
7	366	84	4
7	367	85	4
7	368	86	4
7	369	87	4
7	370	88	4
7	371	89	4
7	372	90	4
7	373	91	4
7	374	92	4
7	375	93	4
7	376	94	4
7	377	95	4
7	378	96	4
7	379	97	4
7	380	98	4
7	381	99	4
7	382	100	4
8	383	1	4
8	384	2	4
8	385	3	4
8	386	4	4
8	387	5	4
8	388	6	4
8	389	7	4
8	390	8	4
8	391	9	4
8	392	10	4
8	393	11	4
8	394	12	4
8	395	13	4
8	396	14	4
8	397	15	4
8	398	16	4
8	399	17	4
8	400	18	4
8	401	19	4
8	402	20	4
8	403	21	4
8	404	22	4
8	405	23	4
8	406	24	4
8	407	25	4
8	408	26	4
8	409	27	4
8	410	28	4
8	411	29	4
8	412	30	4
8	413	31	4
8	414	32	4
8	415	33	4
8	416	34	4
8	417	35	4
8	418	36	4
8	419	37	4
8	420	38	4
8	421	39	4
8	422	40	4
8	423	41	4
8	424	42	4
8	425	43	4
8	426	44	4
8	427	45	4
8	428	46	4
8	429	47	4
8	430	48	4
8	431	49	4
8	432	50	4
8	433	51	4
8	434	52	4
8	435	53	4
8	436	54	4
8	437	55	4
8	438	56	4
8	439	57	4
8	440	58	4
8	441	59	4
8	442	60	5
8	443	61	5
8	444	62	5
8	445	63	5
8	446	64	5
8	447	65	6
8	448	66	6
8	449	67	6
8	450	68	6
8	451	69	6
8	452	70	6
8	453	71	6
8	454	72	6
8	455	73	6
8	456	74	6
8	457	75	6
8	458	76	6
8	459	77	6
8	460	78	6
8	461	79	6
8	462	80	6
8	463	81	6
8	464	82	6
8	465	83	6
8	466	84	6
8	467	85	6
8	468	86	6
8	469	87	6
8	470	88	6
8	471	89	6
8	472	90	6
8	473	91	6
8	474	92	6
8	475	93	6
8	476	94	6
8	477	95	6
8	478	96	6
8	479	97	6
8	480	98	6
8	481	99	6
8	482	100	6
8	483	101	6
8	484	102	6
8	485	103	6
8	486	104	6
8	487	105	6
8	488	106	6
8	489	107	6
8	490	108	6
