exon	relative_pos_in_circle	relative_pos_in_exon	coverage
14	1	1	6
14	2	2	6
14	3	3	6
14	4	4	6
14	5	5	6
14	6	6	6
14	7	7	6
14	8	8	6
14	9	9	6
14	10	10	6
14	11	11	6
14	12	12	6
14	13	13	6
14	14	14	6
14	15	15	6
14	16	16	6
14	17	17	6
14	18	18	6
14	19	19	6
14	20	20	6
14	21	21	6
14	22	22	6
14	23	23	6
14	24	24	6
14	25	25	6
14	26	26	6
14	27	27	6
14	28	28	6
14	29	29	6
14	30	30	6
14	31	31	6
14	32	32	6
14	33	33	6
14	34	34	6
14	35	35	6
14	36	36	6
14	37	37	6
14	38	38	6
14	39	39	6
14	40	40	6
14	41	41	6
14	42	42	6
14	43	43	6
14	44	44	6
14	45	45	6
14	46	46	6
14	47	47	6
14	48	48	6
14	49	49	6
14	50	50	6
14	51	51	6
14	52	52	6
14	53	53	6
14	54	54	6
14	55	55	6
14	56	56	6
14	57	57	6
14	58	58	6
14	59	59	6
14	60	60	6
14	61	61	6
14	62	62	6
14	63	63	6
14	64	64	6
14	65	65	6
14	66	66	6
14	67	67	6
14	68	68	6
14	69	69	6
14	70	70	6
14	71	71	6
14	72	72	5
14	73	73	5
14	74	74	5
14	75	75	5
14	76	76	5
14	77	77	5
14	78	78	5
14	79	79	5
14	80	80	5
14	81	81	5
14	82	82	5
14	83	83	5
14	84	84	5
14	85	85	5
14	86	86	5
14	87	87	5
14	88	88	5
14	89	89	5
14	90	90	5
14	91	91	5
14	92	92	5
14	93	93	5
14	94	94	5
14	95	95	5
14	96	96	5
14	97	97	5
14	98	98	5
15	99	1	4
15	100	2	4
15	101	3	4
15	102	4	4
15	103	5	4
15	104	6	4
15	105	7	4
15	106	8	4
15	107	9	4
15	108	10	4
15	109	11	4
15	110	12	4
15	111	13	4
15	112	14	4
15	113	15	4
15	114	16	4
15	115	17	4
15	116	18	4
15	117	19	4
15	118	20	4
15	119	21	4
15	120	22	4
15	121	23	4
15	122	24	4
15	123	25	4
15	124	26	4
15	125	27	4
15	126	28	4
15	127	29	4
15	128	30	4
15	129	31	4
15	130	32	4
15	131	33	4
15	132	34	4
15	133	35	4
15	134	36	4
15	135	37	4
15	136	38	4
15	137	39	4
15	138	40	4
15	139	41	4
15	140	42	4
15	141	43	4
15	142	44	4
15	143	45	4
15	144	46	4
15	145	47	4
15	146	48	4
15	147	49	4
15	148	50	4
15	149	51	4
15	150	52	4
15	151	53	4
15	152	54	4
15	153	55	4
15	154	56	4
15	155	57	4
15	156	58	4
15	157	59	4
15	158	60	4
15	159	61	4
15	160	62	4
15	161	63	4
15	162	64	4
15	163	65	4
15	164	66	4
15	165	67	4
15	166	68	4
15	167	69	4
15	168	70	4
15	169	71	4
15	170	72	4
15	171	73	4
15	172	74	4
15	173	75	4
15	174	76	4
15	175	77	4
15	176	78	4
15	177	79	4
15	178	80	4
15	179	81	4
15	180	82	4
15	181	83	4
15	182	84	4
15	183	85	4
15	184	86	4
15	185	87	4
15	186	88	4
15	187	89	4
15	188	90	4
15	189	91	4
15	190	92	4
15	191	93	4
15	192	94	4
15	193	95	4
15	194	96	4
15	195	97	4
15	196	98	4
15	197	99	4
15	198	100	4
15	199	101	4
15	200	102	4
15	201	103	3
15	202	104	3
15	203	105	3
15	204	106	3
15	205	107	3
15	206	108	3
15	207	109	3
15	208	110	3
15	209	111	3
15	210	112	3
15	211	113	3
15	212	114	3
15	213	115	3
15	214	116	3
15	215	117	3
15	216	118	3
15	217	119	3
15	218	120	3
15	219	121	3
15	220	122	3
15	221	123	3
15	222	124	0
15	223	125	0
15	224	126	0
15	225	127	0
15	226	128	0
15	227	129	0
15	228	130	0
15	229	131	0
15	230	132	0
15	231	133	0
15	232	134	0
15	233	135	0
15	234	136	0
15	235	137	0
15	236	138	0
15	237	139	0
15	238	140	0
15	239	141	0
15	240	142	0
15	241	143	0
15	242	144	0
15	243	145	0
15	244	146	0
15	245	147	0
15	246	148	0
15	247	149	0
15	248	150	0
15	249	151	0
15	250	152	0
15	251	153	0
15	252	154	0
15	253	155	0
15	254	156	0
15	255	157	0
15	256	158	0
15	257	159	0
15	258	160	0
15	259	161	0
15	260	162	0
15	261	163	0
15	262	164	0
15	263	165	0
15	264	166	0
15	265	167	0
15	266	168	0
15	267	169	0
15	268	170	0
15	269	171	0
15	270	172	0
15	271	173	0
15	272	174	0
15	273	175	0
15	274	176	0
15	275	177	0
15	276	178	0
15	277	179	0
15	278	180	0
15	279	181	0
15	280	182	0
15	281	183	0
15	282	184	0
15	283	185	0
15	284	186	0
15	285	187	0
15	286	188	0
15	287	189	0
15	288	190	0
15	289	191	0
15	290	192	0
15	291	193	0
15	292	194	0
15	293	195	0
15	294	196	0
15	295	197	0
15	296	198	0
15	297	199	0
15	298	200	0
15	299	201	0
15	300	202	0
15	301	203	0
15	302	204	0
15	303	205	0
15	304	206	0
15	305	207	0
15	306	208	0
15	307	209	0
15	308	210	0
15	309	211	0
15	310	212	0
15	311	213	0
15	312	214	0
15	313	215	0
15	314	216	0
15	315	217	0
15	316	218	0
15	317	219	0
15	318	220	0
15	319	221	0
15	320	222	0
15	321	223	0
15	322	224	0
15	323	225	0
15	324	226	0
15	325	227	0
15	326	228	0
15	327	229	0
15	328	230	0
15	329	231	0
15	330	232	0
15	331	233	0
15	332	234	0
15	333	235	0
15	334	236	0
15	335	237	0
15	336	238	0
15	337	239	0
15	338	240	0
15	339	241	0
15	340	242	0
15	341	243	0
15	342	244	0
15	343	245	0
15	344	246	0
15	345	247	0
16	346	1	2
16	347	2	2
16	348	3	2
16	349	4	2
16	350	5	2
16	351	6	2
16	352	7	2
16	353	8	2
16	354	9	2
16	355	10	2
16	356	11	2
16	357	12	2
16	358	13	2
16	359	14	2
16	360	15	2
16	361	16	2
16	362	17	2
16	363	18	2
16	364	19	2
16	365	20	2
16	366	21	2
16	367	22	2
16	368	23	2
16	369	24	2
16	370	25	2
16	371	26	2
16	372	27	2
16	373	28	2
16	374	29	2
16	375	30	2
16	376	31	2
16	377	32	2
16	378	33	2
16	379	34	2
16	380	35	2
16	381	36	2
16	382	37	2
16	383	38	2
16	384	39	2
16	385	40	2
16	386	41	3
16	387	42	3
16	388	43	3
16	389	44	3
16	390	45	3
16	391	46	3
16	392	47	3
16	393	48	3
16	394	49	3
16	395	50	3
16	396	51	3
16	397	52	3
16	398	53	3
16	399	54	3
16	400	55	3
16	401	56	3
16	402	57	3
16	403	58	3
16	404	59	3
16	405	60	3
16	406	61	3
16	407	62	3
16	408	63	6
16	409	64	6
16	410	65	6
16	411	66	6
16	412	67	6
16	413	68	6
16	414	69	6
16	415	70	6
16	416	71	6
16	417	72	6
16	418	73	6
16	419	74	6
16	420	75	6
16	421	76	6
16	422	77	6
16	423	78	6
16	424	79	6
16	425	80	6
16	426	81	6
16	427	82	6
16	428	83	6
16	429	84	6
16	430	85	6
16	431	86	6
16	432	87	6
16	433	88	6
16	434	89	6
