exon	relative_pos_in_circle	relative_pos_in_exon	coverage
1	1	1	6
1	2	2	6
1	3	3	6
1	4	4	6
1	5	5	6
1	6	6	6
1	7	7	6
1	8	8	6
1	9	9	6
1	10	10	6
1	11	11	6
1	12	12	6
1	13	13	6
1	14	14	6
1	15	15	6
1	16	16	6
1	17	17	6
1	18	18	6
1	19	19	6
1	20	20	6
1	21	21	6
1	22	22	6
1	23	23	6
1	24	24	6
1	25	25	6
1	26	26	6
1	27	27	6
1	28	28	6
1	29	29	6
1	30	30	6
1	31	31	6
1	32	32	6
1	33	33	6
1	34	34	6
1	35	35	6
1	36	36	6
1	37	37	6
1	38	38	6
1	39	39	6
1	40	40	6
1	41	41	6
1	42	42	6
1	43	43	6
1	44	44	6
1	45	45	6
1	46	46	6
1	47	47	6
1	48	48	6
1	49	49	6
1	50	50	6
1	51	51	6
1	52	52	6
1	53	53	6
1	54	54	6
1	55	55	6
1	56	56	6
1	57	57	6
1	58	58	6
1	59	59	6
1	60	60	6
1	61	61	6
1	62	62	6
1	63	63	6
1	64	64	6
1	65	65	6
1	66	66	6
1	67	67	6
1	68	68	6
1	69	69	6
1	70	70	6
1	71	71	6
1	72	72	5
1	73	73	5
1	74	74	5
1	75	75	5
1	76	76	5
1	77	77	5
1	78	78	5
1	79	79	5
1	80	80	5
1	81	81	5
1	82	82	5
1	83	83	5
1	84	84	5
1	85	85	5
1	86	86	5
1	87	87	5
1	88	88	5
1	89	89	5
1	90	90	5
1	91	91	5
1	92	92	5
1	93	93	5
1	94	94	5
1	95	95	5
1	96	96	5
1	97	97	5
1	98	98	5
1	99	99	5
1	100	100	5
1	101	101	5
1	102	102	5
1	103	103	5
1	104	104	5
1	105	105	5
1	106	106	5
1	107	107	5
1	108	108	5
1	109	109	5
1	110	110	5
1	111	111	5
1	112	112	5
1	113	113	5
1	114	114	5
1	115	115	5
1	116	116	5
1	117	117	5
1	118	118	5
1	119	119	5
1	120	120	5
1	121	121	5
1	122	122	5
1	123	123	5
1	124	124	5
1	125	125	5
1	126	126	5
1	127	127	5
1	128	128	5
1	129	129	5
1	130	130	5
1	131	131	5
1	132	132	5
1	133	133	5
1	134	134	5
1	135	135	5
1	136	136	5
1	137	137	5
1	138	138	5
1	139	139	5
1	140	140	5
1	141	141	5
1	142	142	5
1	143	143	5
1	144	144	5
1	145	145	5
1	146	146	5
1	147	147	5
1	148	148	5
1	149	149	5
1	150	150	5
1	151	151	5
1	152	152	4
1	153	153	4
1	154	154	4
1	155	155	4
1	156	156	4
1	157	157	4
1	158	158	4
1	159	159	4
1	160	160	4
1	161	161	4
1	162	162	4
1	163	163	4
1	164	164	4
1	165	165	2
1	166	166	2
1	167	167	2
1	168	168	2
1	169	169	2
1	170	170	2
1	171	171	2
1	172	172	2
1	173	173	2
1	174	174	2
1	175	175	2
1	176	176	2
1	177	177	2
1	178	178	2
1	179	179	2
1	180	180	2
1	181	181	2
1	182	182	2
1	183	183	2
1	184	184	2
1	185	185	2
1	186	186	2
1	187	187	2
1	188	188	2
1	189	189	2
1	190	190	2
1	191	191	2
1	192	192	2
1	193	193	2
1	194	194	2
1	195	195	2
1	196	196	2
1	197	197	2
1	198	198	2
1	199	199	2
1	200	200	2
1	201	201	2
1	202	202	2
1	203	203	2
1	204	204	2
1	205	205	2
1	206	206	2
1	207	207	2
1	208	208	2
1	209	209	2
1	210	210	2
1	211	211	2
1	212	212	0
1	213	213	0
1	214	214	0
1	215	215	0
1	216	216	0
1	217	217	0
1	218	218	0
1	219	219	0
1	220	220	0
1	221	221	0
1	222	222	0
1	223	223	0
1	224	224	0
1	225	225	0
1	226	226	0
1	227	227	0
1	228	228	0
1	229	229	0
1	230	230	0
1	231	231	0
1	232	232	0
1	233	233	0
1	234	234	0
1	235	235	0
1	236	236	0
1	237	237	0
1	238	238	0
1	239	239	0
1	240	240	0
1	241	241	0
1	242	242	0
1	243	243	0
1	244	244	0
1	245	245	0
1	246	246	0
1	247	247	1
1	248	248	1
1	249	249	1
1	250	250	1
1	251	251	1
1	252	252	1
1	253	253	1
1	254	254	1
1	255	255	1
1	256	256	1
1	257	257	1
1	258	258	1
1	259	259	1
1	260	260	1
1	261	261	1
1	262	262	1
1	263	263	1
1	264	264	1
1	265	265	1
1	266	266	1
1	267	267	1
1	268	268	1
1	269	269	1
1	270	270	1
1	271	271	1
1	272	272	1
1	273	273	1
1	274	274	1
1	275	275	1
1	276	276	1
1	277	277	1
1	278	278	1
1	279	279	1
1	280	280	1
1	281	281	1
1	282	282	1
1	283	283	1
1	284	284	1
1	285	285	1
1	286	286	1
1	287	287	1
1	288	288	1
1	289	289	1
1	290	290	1
1	291	291	1
1	292	292	1
1	293	293	1
1	294	294	1
1	295	295	1
1	296	296	1
1	297	297	1
1	298	298	1
1	299	299	1
1	300	300	1
1	301	301	1
1	302	302	1
1	303	303	1
1	304	304	1
1	305	305	1
1	306	306	1
1	307	307	1
1	308	308	1
1	309	309	1
1	310	310	1
1	311	311	1
1	312	312	1
1	313	313	1
1	314	314	1
1	315	315	1
1	316	316	1
1	317	317	1
1	318	318	1
1	319	319	1
1	320	320	1
1	321	321	1
1	322	322	1
1	323	323	1
1	324	324	1
1	325	325	1
1	326	326	1
1	327	327	2
1	328	328	2
1	329	329	2
1	330	330	2
1	331	331	2
1	332	332	2
1	333	333	2
1	334	334	2
1	335	335	2
1	336	336	2
1	337	337	2
1	338	338	2
1	339	339	2
1	340	340	4
1	341	341	4
1	342	342	4
1	343	343	4
1	344	344	4
1	345	345	4
1	346	346	4
1	347	347	4
1	348	348	4
1	349	349	4
1	350	350	4
1	351	351	4
1	352	352	4
1	353	353	4
1	354	354	4
1	355	355	4
1	356	356	4
1	357	357	4
1	358	358	4
1	359	359	4
1	360	360	4
1	361	361	4
1	362	362	4
1	363	363	4
1	364	364	4
1	365	365	4
1	366	366	4
1	367	367	4
1	368	368	4
1	369	369	4
1	370	370	4
1	371	371	4
1	372	372	4
1	373	373	4
1	374	374	4
1	375	375	4
1	376	376	4
1	377	377	4
1	378	378	4
1	379	379	4
1	380	380	4
1	381	381	4
1	382	382	4
1	383	383	4
1	384	384	4
1	385	385	4
1	386	386	4
1	387	387	6
1	388	388	6
1	389	389	6
1	390	390	6
1	391	391	6
1	392	392	6
1	393	393	6
1	394	394	6
1	395	395	6
1	396	396	6
1	397	397	6
1	398	398	6
1	399	399	6
1	400	400	6
1	401	401	6
1	402	402	6
1	403	403	6
1	404	404	6
1	405	405	6
1	406	406	6
1	407	407	6
1	408	408	6
1	409	409	6
1	410	410	6
1	411	411	6
1	412	412	6
1	413	413	6
1	414	414	6
1	415	415	6
1	416	416	6
1	417	417	6
1	418	418	6
1	419	419	6
1	420	420	6
1	421	421	6
1	422	422	6
1	423	423	6
1	424	424	6
