exon	relative_pos_in_circle	relative_pos_in_exon	coverage
1	1	1	10
1	2	2	10
1	3	3	10
1	4	4	10
1	5	5	10
1	6	6	10
1	7	7	10
1	8	8	10
1	9	9	10
1	10	10	10
1	11	11	10
1	12	12	10
1	13	13	10
1	14	14	10
1	15	15	10
1	16	16	10
1	17	17	10
1	18	18	10
1	19	19	10
1	20	20	10
1	21	21	10
1	22	22	10
1	23	23	10
1	24	24	10
1	25	25	10
1	26	26	10
1	27	27	10
1	28	28	10
1	29	29	10
1	30	30	10
1	31	31	10
1	32	32	10
1	33	33	10
1	34	34	10
1	35	35	10
1	36	36	10
1	37	37	10
1	38	38	10
1	39	39	10
1	40	40	10
1	41	41	10
1	42	42	10
1	43	43	10
1	44	44	10
1	45	45	10
1	46	46	10
1	47	47	9
1	48	48	9
1	49	49	9
1	50	50	9
1	51	51	9
1	52	52	9
1	53	53	9
1	54	54	9
1	55	55	9
1	56	56	9
1	57	57	9
1	58	58	9
1	59	59	9
1	60	60	9
1	61	61	8
1	62	62	8
1	63	63	8
1	64	64	8
1	65	65	8
1	66	66	8
1	67	67	8
1	68	68	8
1	69	69	8
1	70	70	8
1	71	71	8
1	72	72	8
1	73	73	8
1	74	74	8
1	75	75	8
1	76	76	8
1	77	77	8
1	78	78	8
1	79	79	8
1	80	80	8
1	81	81	8
1	82	82	8
1	83	83	8
1	84	84	8
1	85	85	8
1	86	86	8
1	87	87	8
1	88	88	8
1	89	89	8
1	90	90	8
1	91	91	8
1	92	92	8
1	93	93	7
1	94	94	7
1	95	95	7
1	96	96	7
1	97	97	7
1	98	98	7
1	99	99	6
1	100	100	6
1	101	101	6
1	102	102	6
1	103	103	6
1	104	104	6
1	105	105	6
1	106	106	6
1	107	107	6
1	108	108	6
1	109	109	6
1	110	110	6
1	111	111	6
1	112	112	6
1	113	113	5
1	114	114	5
1	115	115	5
1	116	116	5
1	117	117	5
1	118	118	5
1	119	119	5
1	120	120	5
1	121	121	5
1	122	122	5
1	123	123	5
1	124	124	5
1	125	125	5
1	126	126	5
1	127	127	5
1	128	128	5
1	129	129	5
1	130	130	5
1	131	131	5
1	132	132	5
1	133	133	3
1	134	134	3
1	135	135	3
1	136	136	3
1	137	137	3
1	138	138	3
1	139	139	3
1	140	140	3
1	141	141	3
1	142	142	2
1	143	143	2
1	144	144	2
1	145	145	2
1	146	146	2
1	147	147	2
1	148	148	2
1	149	149	1
1	150	150	1
1	151	151	1
1	152	152	1
1	153	153	1
1	154	154	1
1	155	155	1
1	156	156	1
1	157	157	1
1	158	158	1
1	159	159	1
1	160	160	1
1	161	161	1
1	162	162	1
1	163	163	1
1	164	164	1
1	165	165	1
1	166	166	1
1	167	167	1
1	168	168	1
1	169	169	1
1	170	170	1
1	171	171	1
1	172	172	1
1	173	173	1
1	174	174	1
1	175	175	1
1	176	176	1
1	177	177	1
1	178	178	1
1	179	179	1
1	180	180	1
1	181	181	1
1	182	182	1
1	183	183	1
1	184	184	1
1	185	185	1
1	186	186	1
1	187	187	1
1	188	188	1
1	189	189	1
1	190	190	1
1	191	191	1
1	192	192	1
1	193	193	1
1	194	194	1
1	195	195	1
1	196	196	1
1	197	197	1
1	198	198	1
1	199	199	1
1	200	200	1
1	201	201	1
1	202	202	1
1	203	203	1
1	204	204	1
1	205	205	1
1	206	206	1
1	207	207	1
1	208	208	1
1	209	209	1
1	210	210	1
2	211	0	0
2	212	1	0
2	213	2	0
2	214	3	0
2	215	4	0
2	216	5	0
2	217	6	0
2	218	7	0
2	219	8	0
2	220	9	0
2	221	10	0
2	222	11	0
2	223	12	0
2	224	13	0
2	225	14	0
2	226	15	0
2	227	16	0
2	228	17	0
2	229	18	0
2	230	19	0
2	231	20	0
2	232	21	0
2	233	22	0
2	234	23	0
2	235	24	0
2	236	25	0
2	237	26	0
2	238	27	0
2	239	28	0
2	240	29	0
2	241	30	0
2	242	31	0
2	243	32	0
2	244	33	0
2	245	34	0
2	246	35	0
2	247	36	0
2	248	37	0
2	249	38	0
2	250	39	0
2	251	40	0
2	252	41	0
2	253	42	0
2	254	43	0
2	255	44	0
2	256	45	0
2	257	46	0
2	258	47	0
2	259	48	0
2	260	49	0
3	261	0	0
3	262	1	0
3	263	2	0
3	264	3	0
3	265	4	0
3	266	5	0
3	267	6	0
3	268	7	0
3	269	8	0
3	270	9	0
3	271	10	0
3	272	11	0
3	273	12	0
3	274	13	0
3	275	14	0
3	276	15	0
3	277	16	0
3	278	17	0
3	279	18	0
3	280	19	0
3	281	20	0
3	282	21	0
3	283	22	0
3	284	23	0
3	285	24	0
3	286	25	0
3	287	26	0
3	288	27	0
3	289	28	0
3	290	29	0
3	291	30	0
3	292	31	0
3	293	32	0
3	294	33	0
3	295	34	0
3	296	35	0
3	297	36	0
3	298	37	0
3	299	38	0
3	300	39	0
3	301	40	0
3	302	41	0
3	303	42	0
3	304	43	0
3	305	44	0
3	306	45	0
3	307	46	0
3	308	47	0
3	309	48	0
3	310	49	0
4	311	0	0
4	312	1	0
4	313	2	0
4	314	3	0
4	315	4	0
4	316	5	0
4	317	6	0
4	318	7	0
4	319	8	0
4	320	9	0
4	321	10	0
4	322	11	0
4	323	12	0
4	324	13	0
4	325	14	0
4	326	15	0
4	327	16	0
4	328	17	0
4	329	18	0
4	330	19	0
4	331	20	0
4	332	21	0
4	333	22	0
4	334	23	0
4	335	24	0
4	336	25	0
4	337	26	0
4	338	27	0
4	339	28	0
4	340	29	0
4	341	30	0
4	342	31	0
4	343	32	0
4	344	33	0
4	345	34	0
4	346	35	0
4	347	36	0
4	348	37	0
4	349	38	0
4	350	39	0
4	351	40	0
4	352	41	0
4	353	42	0
4	354	43	0
4	355	44	0
4	356	45	0
4	357	46	0
4	358	47	0
4	359	48	0
4	360	49	0
5	361	0	0
5	362	1	0
5	363	2	0
5	364	3	0
5	365	4	0
5	366	5	0
5	367	6	0
5	368	7	0
5	369	8	0
5	370	9	0
5	371	10	0
5	372	11	0
5	373	12	0
5	374	13	0
5	375	14	0
5	376	15	0
5	377	16	0
5	378	17	0
5	379	18	0
5	380	19	0
5	381	20	0
5	382	21	0
5	383	22	0
5	384	23	0
5	385	24	0
5	386	25	0
5	387	26	0
5	388	27	0
5	389	28	0
5	390	29	0
5	391	30	0
5	392	31	0
5	393	32	0
5	394	33	0
5	395	34	0
5	396	35	0
5	397	36	0
5	398	37	0
5	399	38	0
5	400	39	0
5	401	40	0
5	402	41	0
5	403	42	0
5	404	43	0
5	405	44	0
5	406	45	0
5	407	46	0
5	408	47	0
5	409	48	0
5	410	49	0
6	411	0	0
6	412	1	0
6	413	2	0
6	414	3	0
6	415	4	0
6	416	5	0
6	417	6	0
6	418	7	0
6	419	8	0
6	420	9	0
6	421	10	0
6	422	11	0
6	423	12	0
6	424	13	0
6	425	14	0
6	426	15	0
6	427	16	0
6	428	17	0
6	429	18	0
6	430	19	0
6	431	20	0
6	432	21	0
6	433	22	0
6	434	23	0
6	435	24	0
6	436	25	0
6	437	26	0
6	438	27	0
6	439	28	0
6	440	29	0
6	441	30	0
6	442	31	0
6	443	32	0
6	444	33	0
6	445	34	0
6	446	35	0
6	447	36	0
6	448	37	0
6	449	38	0
6	450	39	0
6	451	40	0
6	452	41	0
6	453	42	0
6	454	43	0
6	455	44	0
6	456	45	0
6	457	46	0
6	458	47	0
6	459	48	0
6	460	49	0
7	461	1	0
7	462	2	0
7	463	3	0
7	464	4	0
7	465	5	0
7	466	6	0
7	467	7	0
7	468	8	0
7	469	9	0
7	470	10	0
7	471	11	0
7	472	12	0
7	473	13	0
7	474	14	0
7	475	15	0
7	476	16	0
7	477	17	0
7	478	18	0
7	479	19	0
7	480	20	0
7	481	21	0
7	482	22	0
7	483	23	0
7	484	24	0
7	485	25	0
7	486	26	0
7	487	27	0
7	488	28	0
7	489	29	0
7	490	30	0
7	491	31	0
7	492	32	0
7	493	33	0
7	494	34	0
7	495	35	0
7	496	36	0
7	497	37	0
7	498	38	0
7	499	39	0
7	500	40	0
7	501	41	0
7	502	42	0
7	503	43	0
7	504	44	0
7	505	45	0
7	506	46	0
7	507	47	0
7	508	48	0
7	509	49	0
7	510	50	0
7	511	51	0
7	512	52	0
7	513	53	0
7	514	54	0
7	515	55	0
7	516	56	0
7	517	57	0
7	518	58	0
7	519	59	0
7	520	60	0
7	521	61	0
7	522	62	0
7	523	63	0
7	524	64	0
7	525	65	0
7	526	66	0
7	527	67	0
7	528	68	0
7	529	69	0
7	530	70	0
7	531	71	0
7	532	72	0
7	533	73	0
7	534	74	0
7	535	75	0
7	536	76	0
7	537	77	0
7	538	78	0
7	539	79	0
7	540	80	0
7	541	81	0
7	542	82	0
7	543	83	0
7	544	84	0
7	545	85	0
7	546	86	0
7	547	87	0
7	548	88	0
7	549	89	0
7	550	90	0
7	551	91	0
7	552	92	0
7	553	93	0
7	554	94	0
7	555	95	0
7	556	96	0
7	557	97	0
7	558	98	0
7	559	99	0
7	560	100	0
7	561	101	0
7	562	102	0
7	563	103	0
7	564	104	0
7	565	105	0
7	566	106	0
7	567	107	0
7	568	108	0
7	569	109	0
7	570	110	0
7	571	111	0
7	572	112	0
7	573	113	0
7	574	114	0
7	575	115	0
7	576	116	0
7	577	117	0
7	578	118	0
7	579	119	0
7	580	120	0
7	581	121	0
7	582	122	0
7	583	123	0
7	584	124	0
7	585	125	0
7	586	126	0
7	587	127	0
7	588	128	0
7	589	129	0
7	590	130	0
7	591	131	0
7	592	132	0
7	593	133	0
7	594	134	0
7	595	135	0
7	596	136	0
7	597	137	0
7	598	138	0
7	599	139	0
7	600	140	0
7	601	141	0
7	602	142	1
7	603	143	1
7	604	144	1
7	605	145	1
7	606	146	1
7	607	147	1
7	608	148	1
7	609	149	1
7	610	150	1
7	611	151	1
7	612	152	1
7	613	153	1
7	614	154	1
8	615	1	1
8	616	2	2
8	617	3	2
8	618	4	2
8	619	5	2
8	620	6	2
8	621	7	2
8	622	8	2
8	623	9	2
8	624	10	2
8	625	11	2
8	626	12	2
8	627	13	2
8	628	14	2
8	629	15	2
8	630	16	2
8	631	17	2
8	632	18	2
8	633	19	2
8	634	20	2
8	635	21	2
8	636	22	2
8	637	23	2
8	638	24	2
8	639	25	2
8	640	26	2
8	641	27	2
8	642	28	2
8	643	29	2
8	644	30	2
8	645	31	2
8	646	32	2
8	647	33	2
8	648	34	3
8	649	35	3
8	650	36	3
8	651	37	3
8	652	38	3
8	653	39	3
8	654	40	4
8	655	41	4
8	656	42	4
8	657	43	4
8	658	44	4
8	659	45	4
8	660	46	4
8	661	47	4
8	662	48	4
8	663	49	4
8	664	50	4
8	665	51	4
8	666	52	4
8	667	53	4
8	668	54	5
8	669	55	5
8	670	56	5
8	671	57	5
8	672	58	5
8	673	59	5
8	674	60	5
8	675	61	5
8	676	62	5
8	677	63	5
8	678	64	5
8	679	65	5
8	680	66	5
8	681	67	5
8	682	68	5
8	683	69	5
8	684	70	5
8	685	71	5
8	686	72	5
8	687	73	5
8	688	74	7
8	689	75	7
8	690	76	7
8	691	77	7
8	692	78	7
8	693	79	7
8	694	80	7
8	695	81	7
8	696	82	7
8	697	83	8
8	698	84	8
8	699	85	8
8	700	86	8
8	701	87	8
8	702	88	8
8	703	89	8
8	704	90	9
8	705	91	9
8	706	92	9
8	707	93	9
8	708	94	9
8	709	95	9
8	710	96	9
8	711	97	9
8	712	98	9
8	713	99	9
8	714	100	9
8	715	101	9
8	716	102	9
8	717	103	9
8	718	104	9
8	719	105	9
8	720	106	9
8	721	107	9
8	722	108	9
8	723	109	9
8	724	110	9
8	725	111	9
8	726	112	9
8	727	113	9
8	728	114	9
8	729	115	9
8	730	116	9
8	731	117	9
8	732	118	9
8	733	119	9
8	734	120	9
8	735	121	9
8	736	122	9
8	737	123	9
8	738	124	9
8	739	125	9
8	740	126	9
8	741	127	9
8	742	128	9
8	743	129	9
8	744	130	9
8	745	131	9
8	746	132	9
8	747	133	9
8	748	134	9
8	749	135	9
8	750	136	9
8	751	137	9
8	752	138	9
8	753	139	9
8	754	140	9
8	755	141	9
8	756	142	9
8	757	143	9
8	758	144	9
8	759	145	9
8	760	146	9
8	761	147	9
8	762	148	9
8	763	149	9
8	764	150	9
8	765	151	9
8	766	152	9
8	767	153	9
8	768	154	9
8	769	155	9
8	770	156	9
8	771	157	10
8	772	158	10
8	773	159	10
8	774	160	10
8	775	161	10
8	776	162	10
8	777	163	10
8	778	164	10
8	779	165	10
8	780	166	10
8	781	167	10
8	782	168	10
8	783	169	10
8	784	170	10
8	785	171	10
8	786	172	10
8	787	173	10
8	788	174	10
8	789	175	10
8	790	176	10
8	791	177	10
8	792	178	10
8	793	179	10
8	794	180	10
8	795	181	10
8	796	182	10
8	797	183	10
8	798	184	10
8	799	185	10
8	800	186	10
8	801	187	10
8	802	188	10
8	803	189	10
8	804	190	10
