exon	relative_pos_in_circle	relative_pos_in_exon	coverage
3	1	1	10
3	2	2	10
3	3	3	10
3	4	4	10
3	5	5	10
3	6	6	10
3	7	7	10
3	8	8	10
3	9	9	10
3	10	10	10
3	11	11	10
3	12	12	10
3	13	13	10
3	14	14	10
3	15	15	10
3	16	16	10
3	17	17	10
3	18	18	10
3	19	19	10
3	20	20	10
3	21	21	10
3	22	22	10
3	23	23	10
3	24	24	10
3	25	25	10
3	26	26	10
3	27	27	10
3	28	28	10
3	29	29	10
3	30	30	10
3	31	31	10
3	32	32	10
3	33	33	10
3	34	34	10
3	35	35	10
3	36	36	10
3	37	37	9
3	38	38	9
3	39	39	9
3	40	40	9
3	41	41	9
3	42	42	9
3	43	43	9
3	44	44	9
3	45	45	9
3	46	46	9
3	47	47	9
3	48	48	9
3	49	49	9
3	50	50	9
3	51	51	9
3	52	52	9
3	53	53	9
3	54	54	9
3	55	55	9
3	56	56	8
3	57	57	8
3	58	58	8
3	59	59	8
3	60	60	8
3	61	61	8
3	62	62	8
3	63	63	8
3	64	64	8
3	65	65	8
3	66	66	8
3	67	67	8
3	68	68	8
3	69	69	8
3	70	70	8
3	71	71	8
3	72	72	8
3	73	73	8
3	74	74	8
3	75	75	8
3	76	76	8
3	77	77	8
3	78	78	8
3	79	79	8
3	80	80	8
3	81	81	8
3	82	82	8
3	83	83	8
3	84	84	8
3	85	85	7
3	86	86	6
3	87	87	6
3	88	88	6
3	89	89	6
3	90	90	6
3	91	91	6
3	92	92	6
3	93	93	6
3	94	94	6
3	95	95	6
3	96	96	6
3	97	97	6
3	98	98	6
3	99	99	6
3	100	100	6
3	101	101	6
3	102	102	6
3	103	103	6
3	104	104	6
3	105	105	6
3	106	106	6
3	107	107	6
3	108	108	6
3	109	109	6
3	110	110	6
3	111	111	6
3	112	112	6
3	113	113	6
3	114	114	6
3	115	115	6
3	116	116	6
3	117	117	6
3	118	118	6
3	119	119	6
3	120	120	6
3	121	121	6
3	122	122	6
3	123	123	6
3	124	124	6
3	125	125	6
3	126	126	6
3	127	127	6
3	128	128	6
3	129	129	6
3	130	130	6
3	131	131	6
3	132	132	6
3	133	133	6
3	134	134	6
3	135	135	6
3	136	136	6
3	137	137	6
3	138	138	6
3	139	139	6
3	140	140	6
3	141	141	6
3	142	142	6
3	143	143	6
3	144	144	6
3	145	145	5
3	146	146	5
3	147	147	5
3	148	148	5
3	149	149	5
3	150	150	5
3	151	151	5
3	152	152	5
3	153	153	5
3	154	154	5
3	155	155	5
3	156	156	5
3	157	157	5
4	158	1	4
4	159	2	4
4	160	3	4
4	161	4	4
4	162	5	4
4	163	6	4
4	164	7	4
4	165	8	4
4	166	9	4
4	167	10	4
4	168	11	4
4	169	12	4
4	170	13	4
4	171	14	4
4	172	15	4
4	173	16	4
4	174	17	4
4	175	18	4
4	176	19	4
4	177	20	4
4	178	21	4
4	179	22	4
4	180	23	4
4	181	24	4
4	182	25	4
4	183	26	4
4	184	27	4
4	185	28	4
4	186	29	4
4	187	30	4
4	188	31	4
4	189	32	4
4	190	33	4
4	191	34	4
4	192	35	4
4	193	36	4
4	194	37	4
4	195	38	4
4	196	39	4
4	197	40	4
4	198	41	4
4	199	42	4
4	200	43	4
4	201	44	4
4	202	45	4
4	203	46	3
4	204	47	3
4	205	48	3
4	206	49	3
4	207	50	3
4	208	51	3
4	209	52	3
4	210	53	3
4	211	54	3
4	212	55	3
4	213	56	3
4	214	57	1
4	215	58	1
4	216	59	1
4	217	60	0
4	218	61	0
4	219	62	0
4	220	63	0
4	221	64	0
4	222	65	0
4	223	66	0
4	224	67	0
4	225	68	0
4	226	69	0
4	227	70	0
4	228	71	0
4	229	72	0
4	230	73	0
4	231	74	0
4	232	75	0
4	233	76	0
4	234	77	0
4	235	78	0
4	236	79	0
4	237	80	0
4	238	81	0
4	239	82	0
4	240	83	0
4	241	84	0
4	242	85	0
4	243	86	0
4	244	87	0
4	245	88	0
4	246	89	0
4	247	90	0
4	248	91	0
4	249	92	0
4	250	93	0
4	251	94	0
4	252	95	0
4	253	96	0
4	254	97	0
4	255	98	0
4	256	99	0
4	257	100	0
4	258	101	0
4	259	102	0
4	260	103	0
4	261	104	0
4	262	105	0
4	263	106	0
4	264	107	0
4	265	108	0
4	266	109	0
4	267	110	0
4	268	111	0
4	269	112	0
4	270	113	0
4	271	114	0
4	272	115	0
4	273	116	0
4	274	117	0
4	275	118	0
4	276	119	0
4	277	120	0
4	278	121	0
4	279	122	0
4	280	123	0
4	281	124	0
4	282	125	0
4	283	126	0
4	284	127	0
4	285	128	0
4	286	129	0
4	287	130	0
4	288	131	0
4	289	132	0
4	290	133	0
4	291	134	0
5	292	1	0
5	293	2	0
5	294	3	0
5	295	4	0
5	296	5	0
5	297	6	0
5	298	7	0
5	299	8	0
5	300	9	0
5	301	10	0
5	302	11	0
5	303	12	0
5	304	13	0
5	305	14	0
5	306	15	0
5	307	16	0
5	308	17	0
5	309	18	0
5	310	19	0
5	311	20	0
5	312	21	0
5	313	22	0
5	314	23	0
5	315	24	0
5	316	25	0
5	317	26	0
5	318	27	0
5	319	28	0
5	320	29	0
5	321	30	0
5	322	31	0
5	323	32	0
5	324	33	0
5	325	34	0
5	326	35	0
5	327	36	0
5	328	37	0
5	329	38	0
5	330	39	0
5	331	40	0
5	332	41	0
5	333	42	0
5	334	43	0
5	335	44	1
5	336	45	1
5	337	46	1
5	338	47	1
5	339	48	1
5	340	49	1
5	341	50	1
5	342	51	1
5	343	52	1
5	344	53	1
5	345	54	1
5	346	55	1
5	347	56	1
5	348	57	1
5	349	58	1
5	350	59	1
5	351	60	1
5	352	61	1
5	353	62	1
5	354	63	1
6	355	1	2
6	356	2	2
6	357	3	2
6	358	4	2
6	359	5	2
6	360	6	2
6	361	7	2
6	362	8	2
6	363	9	2
6	364	10	2
6	365	11	2
6	366	12	2
6	367	13	2
6	368	14	2
6	369	15	2
6	370	16	2
6	371	17	2
6	372	18	2
6	373	19	2
6	374	20	2
6	375	21	2
6	376	22	2
6	377	23	2
6	378	24	2
6	379	25	2
6	380	26	2
6	381	27	2
6	382	28	2
6	383	29	3
6	384	30	4
6	385	31	4
6	386	32	4
6	387	33	4
6	388	34	4
6	389	35	4
6	390	36	4
6	391	37	4
6	392	38	4
6	393	39	4
6	394	40	4
6	395	41	4
6	396	42	4
6	397	43	4
6	398	44	4
6	399	45	4
7	400	1	4
7	401	2	4
7	402	3	4
7	403	4	4
7	404	5	4
7	405	6	4
7	406	7	4
7	407	8	4
7	408	9	4
7	409	10	4
7	410	11	4
7	411	12	4
7	412	13	4
7	413	14	4
7	414	15	4
7	415	16	4
7	416	17	4
7	417	18	4
7	418	19	4
7	419	20	4
7	420	21	4
7	421	22	4
7	422	23	4
7	423	24	4
7	424	25	4
7	425	26	4
7	426	27	4
7	427	28	4
7	428	29	4
7	429	30	4
7	430	31	4
7	431	32	4
7	432	33	4
7	433	34	4
7	434	35	4
7	435	36	4
7	436	37	4
7	437	38	4
7	438	39	4
7	439	40	4
7	440	41	4
7	441	42	4
7	442	43	4
7	443	44	4
7	444	45	5
7	445	46	5
7	446	47	5
7	447	48	5
7	448	49	5
7	449	50	5
7	450	51	5
7	451	52	5
7	452	53	5
7	453	54	5
7	454	55	5
7	455	56	5
7	456	57	5
7	457	58	6
7	458	59	6
7	459	60	6
7	460	61	6
7	461	62	6
7	462	63	6
7	463	64	6
7	464	65	6
7	465	66	6
7	466	67	6
7	467	68	6
7	468	69	6
7	469	70	6
7	470	71	6
7	471	72	6
7	472	73	6
7	473	74	6
7	474	75	6
7	475	76	6
7	476	77	6
7	477	78	6
7	478	79	6
7	479	80	6
7	480	81	6
7	481	82	6
7	482	83	6
7	483	84	6
7	484	85	6
7	485	86	6
7	486	87	6
7	487	88	6
7	488	89	6
7	489	90	6
7	490	91	6
7	491	92	6
7	492	93	6
7	493	94	6
7	494	95	6
7	495	96	6
7	496	97	6
7	497	98	6
7	498	99	6
7	499	100	6
7	500	101	6
7	501	102	6
7	502	103	7
7	503	104	7
7	504	105	7
7	505	106	7
7	506	107	7
7	507	108	7
7	508	109	7
7	509	110	7
7	510	111	7
7	511	112	7
7	512	113	8
7	513	114	8
7	514	115	9
7	515	116	10
7	516	117	10
7	517	118	10
7	518	119	10
7	519	120	10
7	520	121	10
7	521	122	10
7	522	123	10
7	523	124	10
7	524	125	10
7	525	126	10
7	526	127	10
7	527	128	10
7	528	129	10
7	529	130	10
7	530	131	10
7	531	132	10
7	532	133	10
7	533	134	10
7	534	135	10
7	535	136	10
7	536	137	10
7	537	138	10
7	538	139	10
7	539	140	10
7	540	141	10
7	541	142	10
7	542	143	10
7	543	144	10
7	544	145	10
7	545	146	10
7	546	147	10
7	547	148	10
