exon	relative_pos_in_circle	relative_pos_in_exon	coverage
3	1	1	9
3	2	2	9
3	3	3	9
3	4	4	9
3	5	5	9
3	6	6	9
3	7	7	9
3	8	8	9
3	9	9	9
3	10	10	9
3	11	11	9
3	12	12	9
3	13	13	9
3	14	14	9
3	15	15	9
3	16	16	9
3	17	17	9
3	18	18	9
3	19	19	9
3	20	20	9
3	21	21	9
3	22	22	9
3	23	23	9
3	24	24	9
3	25	25	9
3	26	26	9
3	27	27	9
3	28	28	9
3	29	29	9
3	30	30	9
3	31	31	9
3	32	32	9
3	33	33	9
3	34	34	9
3	35	35	9
3	36	36	9
3	37	37	9
3	38	38	9
3	39	39	9
3	40	40	9
3	41	41	9
3	42	42	9
3	43	43	9
3	44	44	9
3	45	45	9
3	46	46	9
3	47	47	9
3	48	48	9
3	49	49	9
3	50	50	9
3	51	51	9
3	52	52	9
3	53	53	9
3	54	54	9
3	55	55	9
3	56	56	9
3	57	57	9
3	58	58	9
3	59	59	9
3	60	60	9
3	61	61	9
3	62	62	9
3	63	63	9
3	64	64	9
3	65	65	9
3	66	66	9
3	67	67	9
3	68	68	9
3	69	69	9
3	70	70	9
3	71	71	9
3	72	72	9
3	73	73	9
3	74	74	9
3	75	75	9
3	76	76	9
3	77	77	9
3	78	78	9
3	79	79	9
3	80	80	9
3	81	81	9
3	82	82	9
3	83	83	9
3	84	84	9
3	85	85	9
3	86	86	9
3	87	87	9
3	88	88	9
3	89	89	9
3	90	90	9
3	91	91	9
3	92	92	9
3	93	93	9
3	94	94	9
3	95	95	9
3	96	96	9
3	97	97	9
3	98	98	9
3	99	99	9
3	100	100	9
3	101	101	9
3	102	102	9
3	103	103	9
3	104	104	9
3	105	105	9
3	106	106	9
3	107	107	9
3	108	108	9
3	109	109	9
3	110	110	9
3	111	111	9
3	112	112	9
3	113	113	9
3	114	114	9
3	115	115	9
3	116	116	9
3	117	117	9
3	118	118	9
3	119	119	9
3	120	120	9
3	121	121	9
3	122	122	9
3	123	123	9
3	124	124	9
3	125	125	9
3	126	126	9
3	127	127	9
3	128	128	9
3	129	129	9
3	130	130	9
3	131	131	8
3	132	132	8
3	133	133	8
3	134	134	8
3	135	135	6
3	136	136	6
3	137	137	6
3	138	138	6
3	139	139	6
3	140	140	6
3	141	141	6
3	142	142	6
3	143	143	6
3	144	144	4
3	145	145	4
3	146	146	4
3	147	147	4
3	148	148	4
3	149	149	4
3	150	150	4
3	151	151	4
3	152	152	4
3	153	153	4
3	154	154	4
3	155	155	4
3	156	156	3
3	157	157	3
3	158	158	3
3	159	159	3
3	160	160	3
3	161	161	3
3	162	162	3
3	163	163	3
3	164	164	3
3	165	165	3
3	166	166	3
4	167	1	3
4	168	2	3
4	169	3	3
4	170	4	3
4	171	5	3
4	172	6	3
4	173	7	3
4	174	8	3
4	175	9	3
4	176	10	3
4	177	11	3
4	178	12	3
4	179	13	3
4	180	14	3
4	181	15	3
4	182	16	3
4	183	17	3
4	184	18	2
4	185	19	2
4	186	20	2
4	187	21	2
4	188	22	2
4	189	23	2
4	190	24	2
4	191	25	2
4	192	26	1
4	193	27	1
4	194	28	1
4	195	29	1
4	196	30	1
4	197	31	1
4	198	32	1
4	199	33	1
4	200	34	1
4	201	35	1
4	202	36	1
4	203	37	1
4	204	38	1
4	205	39	1
4	206	40	1
4	207	41	1
4	208	42	1
4	209	43	1
4	210	44	1
4	211	45	1
4	212	46	1
4	213	47	1
4	214	48	1
4	215	49	1
4	216	50	1
4	217	51	1
4	218	52	1
4	219	53	1
4	220	54	1
4	221	55	1
4	222	56	1
4	223	57	0
4	224	58	0
4	225	59	0
4	226	60	0
4	227	61	0
4	228	62	0
4	229	63	0
4	230	64	0
4	231	65	0
4	232	66	0
4	233	67	0
4	234	68	0
4	235	69	0
4	236	70	0
4	237	71	0
4	238	72	0
4	239	73	0
4	240	74	0
4	241	75	0
4	242	76	0
4	243	77	0
4	244	78	0
4	245	79	0
4	246	80	0
4	247	81	0
4	248	82	0
4	249	83	0
4	250	84	0
4	251	85	0
4	252	86	0
4	253	87	0
4	254	88	0
4	255	89	0
4	256	90	0
4	257	91	0
4	258	92	0
4	259	93	0
4	260	94	0
4	261	95	0
4	262	96	0
4	263	97	0
4	264	98	0
4	265	99	0
4	266	100	0
4	267	101	0
4	268	102	0
4	269	103	0
4	270	104	0
4	271	105	0
4	272	106	0
4	273	107	0
4	274	108	0
4	275	109	0
4	276	110	0
4	277	111	0
4	278	112	0
4	279	113	0
4	280	114	0
4	281	115	0
4	282	116	0
4	283	117	0
4	284	118	0
4	285	119	0
4	286	120	0
4	287	121	0
4	288	122	0
4	289	123	0
4	290	124	0
4	291	125	0
4	292	126	0
4	293	127	0
4	294	128	0
4	295	129	0
4	296	130	0
4	297	131	0
4	298	132	0
4	299	133	0
4	300	134	0
4	301	135	0
4	302	136	0
4	303	137	0
4	304	138	0
4	305	139	0
4	306	140	0
4	307	141	0
4	308	142	0
4	309	143	0
4	310	144	0
4	311	145	0
4	312	146	0
4	313	147	0
4	314	148	0
4	315	149	0
4	316	150	0
4	317	151	0
4	318	152	0
4	319	153	0
4	320	154	0
4	321	155	0
4	322	156	0
4	323	157	0
4	324	158	0
4	325	159	0
4	326	160	0
4	327	161	0
4	328	162	0
4	329	163	0
4	330	164	0
4	331	165	0
4	332	166	0
4	333	167	0
4	334	168	0
4	335	169	0
4	336	170	0
5	337	0	0
5	338	1	0
5	339	2	0
5	340	3	0
5	341	4	0
5	342	5	0
5	343	6	0
5	344	7	0
5	345	8	0
5	346	9	0
5	347	10	0
5	348	11	0
5	349	12	0
5	350	13	0
5	351	14	0
5	352	15	0
5	353	16	0
5	354	17	0
5	355	18	0
5	356	19	0
5	357	20	0
5	358	21	0
5	359	22	0
5	360	23	0
5	361	24	0
5	362	25	0
5	363	26	0
5	364	27	0
5	365	28	0
5	366	29	0
5	367	30	0
5	368	31	0
5	369	32	0
5	370	33	0
5	371	34	0
5	372	35	0
5	373	36	0
5	374	37	0
5	375	38	0
5	376	39	0
5	377	40	0
5	378	41	0
5	379	42	0
5	380	43	0
5	381	44	0
5	382	45	0
5	383	46	0
5	384	47	0
5	385	48	0
5	386	49	0
6	387	1	0
6	388	2	0
6	389	3	0
6	390	4	0
6	391	5	0
6	392	6	0
6	393	7	0
6	394	8	0
6	395	9	0
6	396	10	0
6	397	11	0
6	398	12	0
6	399	13	0
6	400	14	0
6	401	15	0
6	402	16	0
6	403	17	0
6	404	18	0
6	405	19	0
6	406	20	0
6	407	21	0
6	408	22	0
6	409	23	0
6	410	24	0
6	411	25	0
6	412	26	0
6	413	27	0
6	414	28	0
6	415	29	0
6	416	30	0
6	417	31	0
6	418	32	0
6	419	33	0
6	420	34	0
6	421	35	0
6	422	36	0
6	423	37	0
6	424	38	0
6	425	39	1
6	426	40	1
6	427	41	1
6	428	42	1
6	429	43	3
6	430	44	3
6	431	45	3
6	432	46	3
6	433	47	3
6	434	48	3
6	435	49	3
6	436	50	3
6	437	51	3
6	438	52	5
6	439	53	5
6	440	54	5
6	441	55	5
6	442	56	5
6	443	57	5
6	444	58	5
6	445	59	5
6	446	60	5
6	447	61	5
6	448	62	5
6	449	63	5
6	450	64	6
6	451	65	6
6	452	66	6
6	453	67	6
6	454	68	6
6	455	69	6
6	456	70	6
6	457	71	6
6	458	72	6
6	459	73	6
6	460	74	6
6	461	75	6
6	462	76	6
6	463	77	6
6	464	78	6
6	465	79	6
6	466	80	6
6	467	81	6
6	468	82	6
6	469	83	6
6	470	84	6
6	471	85	6
6	472	86	6
6	473	87	6
6	474	88	6
6	475	89	6
6	476	90	6
6	477	91	6
6	478	92	7
6	479	93	7
6	480	94	7
6	481	95	7
6	482	96	7
6	483	97	7
6	484	98	7
6	485	99	7
6	486	100	8
6	487	101	8
6	488	102	8
6	489	103	8
6	490	104	8
6	491	105	8
6	492	106	8
6	493	107	8
6	494	108	8
6	495	109	8
6	496	110	8
6	497	111	8
6	498	112	8
6	499	113	8
6	500	114	8
6	501	115	8
6	502	116	8
6	503	117	8
6	504	118	8
6	505	119	8
6	506	120	8
6	507	121	8
6	508	122	8
6	509	123	8
6	510	124	8
6	511	125	8
6	512	126	8
6	513	127	8
6	514	128	8
6	515	129	8
6	516	130	8
6	517	131	9
6	518	132	9
6	519	133	9
6	520	134	9
6	521	135	9
6	522	136	9
6	523	137	9
6	524	138	9
6	525	139	9
6	526	140	9
6	527	141	9
6	528	142	9
6	529	143	9
6	530	144	9
6	531	145	9
6	532	146	9
6	533	147	9
6	534	148	9
6	535	149	9
6	536	150	9
6	537	151	9
6	538	152	9
6	539	153	9
6	540	154	9
6	541	155	9
6	542	156	9
6	543	157	9
6	544	158	0
6	545	159	0
6	546	160	0
6	547	161	0
6	548	162	0
6	549	163	0
6	550	164	0
6	551	165	0
6	552	166	0
6	553	167	0
6	554	168	0
6	555	169	0
6	556	170	0
6	557	171	0
6	558	172	0
6	559	173	0
6	560	174	0
6	561	175	0
6	562	176	0
6	563	177	0
6	564	178	0
6	565	179	0
6	566	180	0
6	567	181	0
6	568	182	0
6	569	183	0
6	570	184	0
6	571	185	0
6	572	186	0
6	573	187	0
6	574	188	0
6	575	189	0
6	576	190	0
6	577	191	0
6	578	192	0
6	579	193	0
6	580	194	0
6	581	195	0
6	582	196	0
6	583	197	0
6	584	198	0
6	585	199	0
6	586	200	0
6	587	201	0
6	588	202	0
6	589	203	0
6	590	204	0
6	591	205	0
6	592	206	0
6	593	207	0
6	594	208	0
6	595	209	0
6	596	210	0
6	597	211	0
6	598	212	0
6	599	213	0
6	600	214	0
6	601	215	0
6	602	216	0
6	603	217	0
6	604	218	0
6	605	219	0
6	606	220	0
6	607	221	0
6	608	222	0
6	609	223	0
6	610	224	0
6	611	225	0
6	612	226	0
6	613	227	0
6	614	228	0
6	615	229	0
6	616	230	0
6	617	231	0
6	618	232	0
6	619	233	0
6	620	234	0
6	621	235	0
6	622	236	0
6	623	237	0
6	624	238	0
6	625	239	0
6	626	240	0
6	627	241	0
6	628	242	0
6	629	243	0
6	630	244	0
6	631	245	0
6	632	246	0
6	633	247	0
6	634	248	0
6	635	249	0
6	636	250	0
6	637	251	0
6	638	252	0
6	639	253	0
6	640	254	0
6	641	255	0
6	642	256	0
6	643	257	0
6	644	258	0
6	645	259	0
6	646	260	0
6	647	261	0
6	648	262	0
6	649	263	0
6	650	264	0
6	651	265	0
6	652	266	0
6	653	267	0
6	654	268	0
6	655	269	0
6	656	270	0
6	657	271	0
6	658	272	0
6	659	273	0
6	660	274	0
6	661	275	0
6	662	276	0
6	663	277	0
6	664	278	0
6	665	279	0
6	666	280	0
6	667	281	0
6	668	282	0
6	669	283	0
6	670	284	0
6	671	285	0
6	672	286	0
6	673	287	0
6	674	288	0
6	675	289	0
6	676	290	0
6	677	291	0
6	678	292	0
6	679	293	0
6	680	294	0
6	681	295	0
6	682	296	0
6	683	297	0
6	684	298	0
6	685	299	0
6	686	300	0
6	687	301	0
6	688	302	0
6	689	303	0
6	690	304	0
6	691	305	0
6	692	306	0
6	693	307	0
6	694	308	0
6	695	309	0
6	696	310	0
6	697	311	0
6	698	312	0
6	699	313	0
6	700	314	0
6	701	315	0
6	702	316	0
6	703	317	0
6	704	318	0
6	705	319	0
6	706	320	0
6	707	321	0
6	708	322	0
6	709	323	0
6	710	324	0
6	711	325	0
6	712	326	0
6	713	327	0
6	714	328	0
6	715	329	0
6	716	330	0
6	717	331	0
6	718	332	0
6	719	333	0
6	720	334	0
6	721	335	0
6	722	336	0
6	723	337	0
6	724	338	0
6	725	339	0
6	726	340	0
6	727	341	0
6	728	342	0
6	729	343	0
6	730	344	0
6	731	345	0
6	732	346	0
6	733	347	0
6	734	348	0
6	735	349	0
6	736	350	0
6	737	351	0
6	738	352	0
6	739	353	0
6	740	354	0
6	741	355	0
6	742	356	0
6	743	357	0
6	744	358	0
6	745	359	0
6	746	360	0
6	747	361	0
6	748	362	0
6	749	363	0
6	750	364	0
6	751	365	0
6	752	366	0
6	753	367	0
6	754	368	0
6	755	369	0
6	756	370	0
6	757	371	0
6	758	372	0
6	759	373	0
6	760	374	0
6	761	375	0
6	762	376	0
6	763	377	0
6	764	378	0
6	765	379	0
6	766	380	0
6	767	381	0
6	768	382	0
6	769	383	0
6	770	384	0
6	771	385	0
6	772	386	0
6	773	387	0
6	774	388	0
6	775	389	0
6	776	390	0
6	777	391	0
6	778	392	0
6	779	393	0
6	780	394	0
6	781	395	0
6	782	396	0
6	783	397	0
6	784	398	0
6	785	399	0
6	786	400	0
6	787	401	0
6	788	402	0
6	789	403	0
6	790	404	0
6	791	405	0
6	792	406	0
6	793	407	0
6	794	408	0
6	795	409	0
6	796	410	0
6	797	411	0
6	798	412	0
6	799	413	0
6	800	414	0
6	801	415	0
6	802	416	0
6	803	417	0
6	804	418	0
6	805	419	0
6	806	420	0
6	807	421	0
6	808	422	0
6	809	423	0
6	810	424	0
6	811	425	0
6	812	426	0
6	813	427	0
6	814	428	0
6	815	429	0
6	816	430	0
6	817	431	0
6	818	432	0
6	819	433	0
6	820	434	0
6	821	435	0
6	822	436	0
6	823	437	0
6	824	438	0
6	825	439	0
6	826	440	0
6	827	441	0
6	828	442	0
6	829	443	0
6	830	444	0
6	831	445	0
6	832	446	0
6	833	447	0
6	834	448	0
6	835	449	0
6	836	450	0
6	837	451	0
6	838	452	0
6	839	453	0
6	840	454	0
6	841	455	0
6	842	456	0
6	843	457	0
6	844	458	0
6	845	459	0
6	846	460	0
6	847	461	0
6	848	462	0
6	849	463	0
6	850	464	0
6	851	465	0
6	852	466	0
6	853	467	0
6	854	468	0
6	855	469	0
6	856	470	0
6	857	471	0
6	858	472	0
6	859	473	0
6	860	474	0
6	861	475	0
6	862	476	0
6	863	477	0
6	864	478	0
6	865	479	0
6	866	480	0
6	867	481	0
6	868	482	0
6	869	483	0
6	870	484	0
6	871	485	0
6	872	486	0
6	873	487	0
6	874	488	0
6	875	489	0
6	876	490	0
6	877	491	0
6	878	492	0
6	879	493	0
6	880	494	0
6	881	495	0
6	882	496	0
6	883	497	0
6	884	498	0
6	885	499	0
6	886	500	0
6	887	501	0
6	888	502	0
6	889	503	0
6	890	504	0
6	891	505	0
6	892	506	0
6	893	507	0
6	894	508	0
6	895	509	0
6	896	510	0
6	897	511	0
6	898	512	0
6	899	513	0
6	900	514	0
6	901	515	0
6	902	516	0
6	903	517	0
6	904	518	0
6	905	519	0
6	906	520	0
6	907	521	0
6	908	522	0
6	909	523	0
6	910	524	0
6	911	525	0
6	912	526	0
6	913	527	0
6	914	528	0
6	915	529	0
6	916	530	0
