exon	relative_pos_in_circle	relative_pos_in_exon	coverage
1	1	1	8
1	2	2	8
1	3	3	8
1	4	4	8
1	5	5	8
1	6	6	8
1	7	7	8
1	8	8	8
1	9	9	8
1	10	10	8
1	11	11	8
1	12	12	8
1	13	13	8
1	14	14	8
1	15	15	8
1	16	16	8
1	17	17	8
1	18	18	8
1	19	19	8
1	20	20	8
1	21	21	8
1	22	22	8
1	23	23	8
1	24	24	8
1	25	25	8
1	26	26	8
1	27	27	8
1	28	28	8
1	29	29	8
1	30	30	8
1	31	31	8
1	32	32	8
1	33	33	8
1	34	34	8
1	35	35	8
1	36	36	8
1	37	37	8
1	38	38	8
1	39	39	8
1	40	40	8
1	41	41	8
1	42	42	8
1	43	43	8
1	44	44	8
1	45	45	8
1	46	46	8
1	47	47	8
1	48	48	8
1	49	49	8
1	50	50	8
1	51	51	8
1	52	52	8
1	53	53	8
1	54	54	8
1	55	55	8
1	56	56	8
1	57	57	8
1	58	58	8
1	59	59	8
1	60	60	7
1	61	61	7
1	62	62	7
1	63	63	7
1	64	64	7
1	65	65	7
1	66	66	7
1	67	67	7
1	68	68	7
1	69	69	7
1	70	70	6
1	71	71	6
1	72	72	6
1	73	73	5
1	74	74	5
1	75	75	5
1	76	76	5
1	77	77	5
1	78	78	5
1	79	79	5
1	80	80	5
1	81	81	5
1	82	82	5
1	83	83	4
1	84	84	4
1	85	85	4
1	86	86	4
1	87	87	4
1	88	88	4
1	89	89	4
1	90	90	4
1	91	91	4
1	92	92	4
1	93	93	4
1	94	94	4
1	95	95	4
1	96	96	4
1	97	97	4
1	98	98	4
1	99	99	4
1	100	100	4
1	101	101	4
1	102	102	4
1	103	103	4
1	104	104	4
1	105	105	4
1	106	106	4
1	107	107	3
1	108	108	3
1	109	109	3
1	110	110	3
1	111	111	3
1	112	112	3
1	113	113	3
1	114	114	3
1	115	115	3
1	116	116	2
1	117	117	2
1	118	118	2
1	119	119	2
1	120	120	2
1	121	121	2
1	122	122	2
1	123	123	2
1	124	124	2
1	125	125	2
1	126	126	2
1	127	127	2
1	128	128	2
1	129	129	2
1	130	130	2
1	131	131	2
1	132	132	1
1	133	133	1
1	134	134	1
1	135	135	1
1	136	136	1
1	137	137	1
1	138	138	1
1	139	139	1
1	140	140	1
1	141	141	1
1	142	142	1
1	143	143	1
1	144	144	1
1	145	145	1
1	146	146	1
1	147	147	0
1	148	148	0
1	149	149	0
1	150	150	0
1	151	151	0
1	152	152	0
1	153	153	0
1	154	154	0
1	155	155	0
1	156	156	0
1	157	157	0
1	158	158	0
1	159	159	0
1	160	160	0
1	161	161	0
1	162	162	0
1	163	163	0
1	164	164	0
1	165	165	0
1	166	166	0
1	167	167	0
1	168	168	0
1	169	169	0
1	170	170	0
1	171	171	0
1	172	172	0
1	173	173	0
1	174	174	0
1	175	175	0
1	176	176	0
1	177	177	0
1	178	178	0
1	179	179	0
1	180	180	0
1	181	181	0
1	182	182	0
1	183	183	0
1	184	184	0
1	185	185	0
1	186	186	0
1	187	187	0
1	188	188	0
1	189	189	0
1	190	190	0
1	191	191	0
1	192	192	0
1	193	193	0
1	194	194	0
1	195	195	0
1	196	196	0
1	197	197	0
1	198	198	0
1	199	199	0
1	200	200	0
1	201	201	0
1	202	202	0
1	203	203	0
1	204	204	0
1	205	205	0
1	206	206	0
1	207	207	0
1	208	208	0
1	209	209	0
1	210	210	0
1	211	211	0
1	212	212	0
1	213	213	0
1	214	214	0
1	215	215	0
1	216	216	0
1	217	217	0
1	218	218	0
1	219	219	0
1	220	220	0
1	221	221	0
1	222	222	0
1	223	223	0
1	224	224	0
1	225	225	0
1	226	226	0
1	227	227	0
1	228	228	0
1	229	229	0
1	230	230	0
1	231	231	0
1	232	232	0
1	233	233	0
1	234	234	0
1	235	235	0
1	236	236	0
1	237	237	0
1	238	238	0
1	239	239	0
1	240	240	0
1	241	241	0
1	242	242	0
1	243	243	0
1	244	244	0
1	245	245	0
1	246	246	0
1	247	247	0
1	248	248	0
1	249	249	0
1	250	250	0
1	251	251	0
1	252	252	0
1	253	253	0
1	254	254	0
1	255	255	0
1	256	256	0
1	257	257	0
1	258	258	0
1	259	259	0
1	260	260	0
1	261	261	0
1	262	262	0
1	263	263	0
1	264	264	0
1	265	265	0
1	266	266	0
1	267	267	0
1	268	268	0
1	269	269	0
1	270	270	0
1	271	271	0
1	272	272	0
1	273	273	0
1	274	274	0
1	275	275	0
1	276	276	0
1	277	277	0
1	278	278	0
1	279	279	0
1	280	280	0
1	281	281	0
1	282	282	0
1	283	283	0
1	284	284	0
1	285	285	0
1	286	286	0
1	287	287	0
1	288	288	0
1	289	289	0
1	290	290	0
1	291	291	0
1	292	292	0
1	293	293	0
1	294	294	0
1	295	295	0
1	296	296	0
1	297	297	0
1	298	298	0
1	299	299	0
1	300	300	0
1	301	301	0
1	302	302	0
1	303	303	0
1	304	304	0
1	305	305	0
1	306	306	0
1	307	307	0
1	308	308	0
1	309	309	0
1	310	310	0
1	311	311	0
1	312	312	0
1	313	313	0
1	314	314	0
1	315	315	0
1	316	316	0
1	317	317	0
1	318	318	0
1	319	319	0
1	320	320	0
1	321	321	0
2	322	1	0
2	323	2	0
2	324	3	0
2	325	4	0
2	326	5	0
2	327	6	0
2	328	7	0
2	329	8	0
2	330	9	0
2	331	10	0
2	332	11	0
2	333	12	0
2	334	13	0
2	335	14	0
2	336	15	0
2	337	16	0
2	338	17	0
2	339	18	0
2	340	19	0
2	341	20	0
2	342	21	0
2	343	22	0
2	344	23	0
2	345	24	0
2	346	25	0
2	347	26	0
2	348	27	0
2	349	28	0
2	350	29	0
2	351	30	0
2	352	31	0
2	353	32	0
2	354	33	0
2	355	34	0
2	356	35	0
2	357	36	0
2	358	37	0
2	359	38	0
2	360	39	0
2	361	40	0
2	362	41	0
2	363	42	0
2	364	43	0
2	365	44	0
2	366	45	0
2	367	46	0
2	368	47	0
2	369	48	0
2	370	49	0
2	371	50	0
2	372	51	0
2	373	52	0
2	374	53	0
2	375	54	0
2	376	55	0
2	377	56	0
2	378	57	0
2	379	58	0
2	380	59	0
2	381	60	0
2	382	61	0
2	383	62	0
2	384	63	0
2	385	64	0
2	386	65	0
2	387	66	0
2	388	67	0
2	389	68	0
2	390	69	0
2	391	70	0
2	392	71	0
2	393	72	0
2	394	73	0
2	395	74	0
2	396	75	0
2	397	76	0
2	398	77	0
2	399	78	0
2	400	79	0
2	401	80	0
2	402	81	0
2	403	82	0
2	404	83	0
2	405	84	0
2	406	85	0
2	407	86	0
2	408	87	0
2	409	88	0
2	410	89	0
2	411	90	0
2	412	91	0
2	413	92	0
2	414	93	0
2	415	94	0
2	416	95	0
2	417	96	0
2	418	97	0
2	419	98	0
2	420	99	0
2	421	100	0
2	422	101	0
2	423	102	0
2	424	103	0
2	425	104	0
2	426	105	0
2	427	106	0
2	428	107	0
2	429	108	0
2	430	109	0
2	431	110	0
2	432	111	0
2	433	112	0
2	434	113	0
2	435	114	0
2	436	115	0
2	437	116	0
2	438	117	0
2	439	118	0
2	440	119	0
2	441	120	0
2	442	121	0
2	443	122	0
2	444	123	0
2	445	124	0
2	446	125	0
2	447	126	0
2	448	127	0
2	449	128	0
2	450	129	0
2	451	130	0
2	452	131	0
2	453	132	0
2	454	133	0
2	455	134	0
2	456	135	0
2	457	136	0
2	458	137	0
2	459	138	0
2	460	139	0
2	461	140	0
2	462	141	0
2	463	142	0
2	464	143	0
2	465	144	0
2	466	145	0
2	467	146	0
2	468	147	0
2	469	148	0
2	470	149	0
2	471	150	0
2	472	151	0
2	473	152	0
2	474	153	0
2	475	154	0
2	476	155	0
2	477	156	0
2	478	157	0
2	479	158	0
2	480	159	0
2	481	160	0
2	482	161	0
2	483	162	0
2	484	163	0
2	485	164	0
2	486	165	0
2	487	166	0
2	488	167	0
2	489	168	0
2	490	169	0
2	491	170	0
2	492	171	0
2	493	172	0
2	494	173	0
2	495	174	0
2	496	175	0
2	497	176	0
2	498	177	0
2	499	178	0
2	500	179	0
2	501	180	0
2	502	181	0
2	503	182	0
2	504	183	0
2	505	184	0
2	506	185	0
2	507	186	0
2	508	187	0
2	509	188	0
2	510	189	0
2	511	190	0
2	512	191	0
2	513	192	0
2	514	193	0
2	515	194	0
2	516	195	0
2	517	196	0
2	518	197	0
2	519	198	0
2	520	199	0
2	521	200	0
2	522	201	0
2	523	202	0
2	524	203	0
2	525	204	0
2	526	205	0
2	527	206	0
2	528	207	0
2	529	208	0
2	530	209	0
2	531	210	0
2	532	211	0
2	533	212	0
2	534	213	0
2	535	214	0
2	536	215	0
2	537	216	0
2	538	217	0
2	539	218	0
2	540	219	0
2	541	220	0
2	542	221	0
2	543	222	0
2	544	223	0
2	545	224	0
2	546	225	0
2	547	226	0
2	548	227	0
2	549	228	0
2	550	229	0
2	551	230	0
2	552	231	0
2	553	232	0
2	554	233	0
2	555	234	0
2	556	235	0
2	557	236	0
2	558	237	0
2	559	238	0
2	560	239	0
2	561	240	0
2	562	241	0
2	563	242	0
2	564	243	0
2	565	244	0
2	566	245	0
2	567	246	0
2	568	247	0
2	569	248	0
2	570	249	0
2	571	250	0
2	572	251	0
2	573	252	0
2	574	253	0
2	575	254	0
2	576	255	0
2	577	256	0
2	578	257	0
2	579	258	0
2	580	259	0
2	581	260	0
2	582	261	0
2	583	262	0
2	584	263	0
2	585	264	0
2	586	265	0
2	587	266	0
2	588	267	0
2	589	268	0
2	590	269	0
2	591	270	0
2	592	271	0
2	593	272	0
2	594	273	0
2	595	274	0
2	596	275	0
2	597	276	0
2	598	277	0
2	599	278	0
2	600	279	0
2	601	280	0
2	602	281	0
2	603	282	0
2	604	283	0
2	605	284	0
2	606	285	0
2	607	286	0
2	608	287	0
2	609	288	1
2	610	289	1
2	611	290	1
2	612	291	1
2	613	292	1
2	614	293	1
2	615	294	1
2	616	295	1
2	617	296	1
2	618	297	1
2	619	298	2
2	620	299	2
2	621	300	2
2	622	301	2
2	623	302	3
2	624	303	3
2	625	304	3
2	626	305	3
2	627	306	3
2	628	307	3
2	629	308	3
2	630	309	3
2	631	310	3
2	632	311	3
2	633	312	4
2	634	313	4
2	635	314	4
2	636	315	4
2	637	316	4
2	638	317	4
2	639	318	4
2	640	319	4
2	641	320	4
2	642	321	4
2	643	322	4
2	644	323	4
2	645	324	4
2	646	325	4
2	647	326	4
2	648	327	4
2	649	328	4
2	650	329	4
2	651	330	4
2	652	331	4
2	653	332	4
2	654	333	4
2	655	334	4
2	656	335	5
2	657	336	5
2	658	337	5
2	659	338	5
2	660	339	5
2	661	340	5
2	662	341	5
2	663	342	5
2	664	343	5
2	665	344	5
2	666	345	6
2	667	346	6
2	668	347	6
2	669	348	6
2	670	349	6
2	671	350	6
2	672	351	6
2	673	352	6
2	674	353	6
2	675	354	6
2	676	355	6
2	677	356	6
2	678	357	6
2	679	358	6
2	680	359	6
2	681	360	7
2	682	361	7
2	683	362	7
2	684	363	7
2	685	364	7
2	686	365	7
2	687	366	7
2	688	367	7
2	689	368	7
2	690	369	7
2	691	370	7
2	692	371	7
2	693	372	7
2	694	373	7
2	695	374	7
2	696	375	8
2	697	376	8
2	698	377	8
2	699	378	8
2	700	379	8
2	701	380	8
2	702	381	8
2	703	382	8
2	704	383	8
2	705	384	8
2	706	385	8
2	707	386	8
2	708	387	8
2	709	388	8
2	710	389	8
2	711	390	8
2	712	391	8
2	713	392	8
2	714	393	8
2	715	394	8
2	716	395	8
2	717	396	8
2	718	397	8
2	719	398	8
2	720	399	8
2	721	400	8
2	722	401	8
2	723	402	8
2	724	403	8
2	725	404	8
2	726	405	8
2	727	406	8
2	728	407	8
2	729	408	8
2	730	409	8
2	731	410	8
2	732	411	8
2	733	412	8
2	734	413	8
2	735	414	8
2	736	415	8
2	737	416	8
2	738	417	8
2	739	418	8
2	740	419	8
2	741	420	8
2	742	421	8
2	743	422	8
2	744	423	8
2	745	424	8
2	746	425	8
2	747	426	8
2	748	427	8
2	749	428	8
2	750	429	8
2	751	430	8
2	752	431	8
2	753	432	8
2	754	433	8
2	755	434	8
2	756	435	8
2	757	436	8
2	758	437	8
2	759	438	8
2	760	439	8
2	761	440	8
2	762	441	8
2	763	442	8
2	764	443	8
2	765	444	8
2	766	445	8
2	767	446	8
2	768	447	8
2	769	448	8
2	770	449	8
2	771	450	8
2	772	451	8
2	773	452	8
2	774	453	8
2	775	454	8
2	776	455	8
2	777	456	8
2	778	457	8
2	779	458	8
2	780	459	8
2	781	460	8
2	782	461	8
2	783	462	8
2	784	463	8
2	785	464	8
2	786	465	8
2	787	466	8
2	788	467	8
2	789	468	8
2	790	469	8
2	791	470	8
2	792	471	8
2	793	472	8
2	794	473	8
2	795	474	8
2	796	475	8
2	797	476	8
2	798	477	8
