exon	relative_pos_in_circle	relative_pos_in_exon	coverage
2	1	1	4
2	2	2	4
2	3	3	4
2	4	4	4
2	5	5	4
2	6	6	4
2	7	7	4
2	8	8	4
2	9	9	4
2	10	10	4
2	11	11	4
2	12	12	4
2	13	13	4
2	14	14	4
2	15	15	4
2	16	16	4
2	17	17	4
2	18	18	4
2	19	19	4
2	20	20	4
2	21	21	4
2	22	22	4
2	23	23	4
2	24	24	4
2	25	25	4
2	26	26	4
2	27	27	4
2	28	28	4
2	29	29	4
2	30	30	4
2	31	31	4
2	32	32	4
2	33	33	4
2	34	34	4
2	35	35	4
2	36	36	4
2	37	37	4
2	38	38	4
2	39	39	4
2	40	40	4
2	41	41	4
2	42	42	4
2	43	43	4
2	44	44	4
2	45	45	4
2	46	46	4
2	47	47	4
2	48	48	4
2	49	49	4
2	50	50	4
2	51	51	4
2	52	52	4
2	53	53	4
2	54	54	4
2	55	55	4
2	56	56	4
2	57	57	4
2	58	58	4
2	59	59	4
2	60	60	4
2	61	61	4
2	62	62	4
2	63	63	4
2	64	64	4
2	65	65	4
2	66	66	4
2	67	67	4
2	68	68	4
2	69	69	4
2	70	70	4
2	71	71	4
2	72	72	4
2	73	73	4
2	74	74	4
2	75	75	4
2	76	76	4
2	77	77	4
2	78	78	4
2	79	79	4
2	80	80	4
2	81	81	4
2	82	82	4
2	83	83	4
2	84	84	4
2	85	85	4
2	86	86	4
2	87	87	4
2	88	88	4
2	89	89	4
2	90	90	4
2	91	91	4
2	92	92	4
2	93	93	4
2	94	94	4
2	95	95	4
2	96	96	4
2	97	97	4
2	98	98	4
2	99	99	4
2	100	100	4
2	101	101	4
2	102	102	4
2	103	103	4
2	104	104	4
2	105	105	4
2	106	106	4
2	107	107	4
2	108	108	4
2	109	109	4
2	110	110	4
2	111	111	4
2	112	112	4
2	113	113	4
2	114	114	4
2	115	115	4
2	116	116	4
2	117	117	4
2	118	118	4
2	119	119	4
2	120	120	4
2	121	121	4
2	122	122	4
2	123	123	4
2	124	124	4
2	125	125	4
2	126	126	4
2	127	127	4
2	128	128	4
2	129	129	4
2	130	130	4
2	131	131	4
2	132	132	4
2	133	133	4
2	134	134	4
2	135	135	4
2	136	136	4
2	137	137	4
2	138	138	4
2	139	139	4
2	140	140	4
2	141	141	4
2	142	142	4
2	143	143	4
2	144	144	4
2	145	145	4
2	146	146	4
2	147	147	4
2	148	148	4
2	149	149	4
2	150	150	4
2	151	151	4
2	152	152	4
2	153	153	4
2	154	154	4
2	155	155	4
3	156	1	4
3	157	2	4
3	158	3	4
3	159	4	4
3	160	5	4
3	161	6	4
3	162	7	4
3	163	8	4
3	164	9	4
3	165	10	4
3	166	11	4
3	167	12	4
3	168	13	4
3	169	14	4
3	170	15	4
3	171	16	4
3	172	17	4
3	173	18	4
3	174	19	4
3	175	20	4
3	176	21	4
3	177	22	4
3	178	23	4
3	179	24	4
3	180	25	4
3	181	26	4
3	182	27	4
3	183	28	4
3	184	29	4
3	185	30	4
3	186	31	4
3	187	32	4
3	188	33	4
3	189	34	4
3	190	35	4
3	191	36	4
3	192	37	4
3	193	38	4
3	194	39	4
3	195	40	3
3	196	41	3
3	197	42	3
3	198	43	3
3	199	44	3
3	200	45	3
3	201	46	3
3	202	47	3
3	203	48	3
3	204	49	3
3	205	50	3
3	206	51	3
3	207	52	3
3	208	53	3
3	209	54	3
3	210	55	2
3	211	56	2
3	212	57	2
3	213	58	2
3	214	59	1
3	215	60	1
3	216	61	1
3	217	62	1
3	218	63	1
3	219	64	0
3	220	65	0
3	221	66	0
3	222	67	0
3	223	68	0
3	224	69	0
3	225	70	0
3	226	71	0
3	227	72	0
3	228	73	0
4	229	0	0
4	230	1	0
4	231	2	0
4	232	3	0
4	233	4	0
4	234	5	0
4	235	6	0
4	236	7	0
4	237	8	0
4	238	9	0
4	239	10	0
4	240	11	0
4	241	12	0
4	242	13	0
4	243	14	0
4	244	15	0
4	245	16	0
4	246	17	0
4	247	18	0
4	248	19	0
4	249	20	0
4	250	21	0
4	251	22	0
4	252	23	0
4	253	24	0
4	254	25	0
4	255	26	0
4	256	27	0
4	257	28	0
4	258	29	0
4	259	30	0
4	260	31	0
4	261	32	0
4	262	33	0
4	263	34	0
4	264	35	0
4	265	36	0
4	266	37	0
4	267	38	0
4	268	39	0
4	269	40	0
4	270	41	0
4	271	42	0
4	272	43	0
4	273	44	0
4	274	45	0
4	275	46	0
4	276	47	0
4	277	48	0
4	278	49	0
5	279	1	0
5	280	2	0
5	281	3	0
5	282	4	0
5	283	5	0
5	284	6	0
5	285	7	0
5	286	8	0
5	287	9	0
5	288	10	0
5	289	11	0
5	290	12	0
5	291	13	0
5	292	14	0
5	293	15	0
5	294	16	0
5	295	17	0
5	296	18	0
5	297	19	0
5	298	20	0
5	299	21	0
5	300	22	0
5	301	23	0
5	302	24	0
5	303	25	0
5	304	26	0
5	305	27	0
5	306	28	0
5	307	29	0
5	308	30	0
5	309	31	0
5	310	32	0
5	311	33	0
5	312	34	0
5	313	35	0
5	314	36	0
5	315	37	0
5	316	38	0
5	317	39	0
5	318	40	0
5	319	41	0
5	320	42	0
5	321	43	0
5	322	44	0
5	323	45	0
5	324	46	0
5	325	47	0
5	326	48	0
5	327	49	0
5	328	50	0
5	329	51	0
5	330	52	0
5	331	53	0
5	332	54	0
5	333	55	0
5	334	56	0
5	335	57	0
5	336	58	0
5	337	59	0
5	338	60	0
5	339	61	0
5	340	62	0
5	341	63	0
5	342	64	0
5	343	65	0
5	344	66	0
5	345	67	0
5	346	68	0
5	347	69	0
5	348	70	0
5	349	71	0
5	350	72	0
5	351	73	0
5	352	74	0
5	353	75	0
5	354	76	0
5	355	77	0
5	356	78	0
5	357	79	0
5	358	80	0
5	359	81	0
5	360	82	0
5	361	83	0
5	362	84	0
5	363	85	0
5	364	86	0
5	365	87	0
5	366	88	0
5	367	89	0
5	368	90	0
5	369	91	0
5	370	92	0
5	371	93	0
5	372	94	0
5	373	95	0
5	374	96	0
5	375	97	0
5	376	98	0
5	377	99	0
5	378	100	0
5	379	101	0
5	380	102	0
5	381	103	0
5	382	104	0
5	383	105	0
5	384	106	0
5	385	107	0
5	386	108	0
5	387	109	0
5	388	110	0
5	389	111	0
5	390	112	0
5	391	113	0
5	392	114	0
5	393	115	0
5	394	116	0
5	395	117	0
5	396	118	0
5	397	119	0
5	398	120	0
5	399	121	0
5	400	122	0
5	401	123	0
5	402	124	0
5	403	125	0
5	404	126	0
5	405	127	0
5	406	128	0
5	407	129	0
5	408	130	0
5	409	131	0
5	410	132	0
5	411	133	0
5	412	134	0
5	413	135	0
5	414	136	0
5	415	137	0
5	416	138	0
5	417	139	0
5	418	140	0
5	419	141	0
5	420	142	0
5	421	143	0
5	422	144	1
5	423	145	1
5	424	146	1
5	425	147	1
5	426	148	1
5	427	149	1
5	428	150	1
5	429	151	1
5	430	152	1
5	431	153	1
5	432	154	1
5	433	155	1
5	434	156	1
5	435	157	1
5	436	158	1
5	437	159	2
5	438	160	2
5	439	161	2
5	440	162	2
5	441	163	3
5	442	164	3
5	443	165	3
5	444	166	3
5	445	167	3
5	446	168	4
5	447	169	4
5	448	170	4
5	449	171	4
5	450	172	4
5	451	173	4
5	452	174	4
5	453	175	4
5	454	176	4
5	455	177	4
5	456	178	4
5	457	179	4
5	458	180	4
5	459	181	4
5	460	182	4
5	461	183	4
5	462	184	4
5	463	185	4
5	464	186	4
5	465	187	4
5	466	188	4
5	467	189	4
5	468	190	4
5	469	191	4
5	470	192	4
5	471	193	4
5	472	194	4
5	473	195	4
5	474	196	4
5	475	197	4
5	476	198	4
