exon	relative_pos_in_circle	relative_pos_in_exon	coverage
2	1	1	14
2	2	2	14
2	3	3	14
2	4	4	14
2	5	5	14
2	6	6	14
2	7	7	14
2	8	8	14
2	9	9	14
2	10	10	14
2	11	11	14
2	12	12	14
2	13	13	14
2	14	14	14
2	15	15	14
2	16	16	14
2	17	17	14
2	18	18	14
2	19	19	14
2	20	20	14
2	21	21	14
2	22	22	14
2	23	23	14
2	24	24	14
2	25	25	14
2	26	26	14
2	27	27	14
2	28	28	14
2	29	29	14
2	30	30	14
2	31	31	14
2	32	32	14
2	33	33	14
2	34	34	14
2	35	35	14
2	36	36	14
2	37	37	14
2	38	38	14
2	39	39	14
2	40	40	14
2	41	41	14
2	42	42	14
2	43	43	14
2	44	44	14
2	45	45	14
2	46	46	14
2	47	47	14
2	48	48	14
2	49	49	14
2	50	50	14
2	51	51	14
2	52	52	13
2	53	53	13
2	54	54	13
2	55	55	13
2	56	56	13
2	57	57	13
2	58	58	13
2	59	59	13
2	60	60	13
2	61	61	13
2	62	62	13
2	63	63	13
2	64	64	13
2	65	65	13
2	66	66	13
2	67	67	13
2	68	68	13
2	69	69	13
2	70	70	13
2	71	71	13
2	72	72	13
2	73	73	13
2	74	74	13
2	75	75	13
2	76	76	13
2	77	77	12
2	78	78	12
2	79	79	12
2	80	80	12
2	81	81	12
2	82	82	12
2	83	83	12
2	84	84	12
2	85	85	12
2	86	86	12
2	87	87	12
2	88	88	12
2	89	89	12
2	90	90	10
2	91	91	10
2	92	92	10
2	93	93	10
3	94	1	6
3	95	2	6
3	96	3	6
3	97	4	6
3	98	5	6
3	99	6	6
3	100	7	6
3	101	8	6
3	102	9	6
3	103	10	6
3	104	11	6
3	105	12	6
3	106	13	6
3	107	14	6
3	108	15	6
3	109	16	6
3	110	17	6
3	111	18	6
3	112	19	6
3	113	20	6
3	114	21	6
3	115	22	6
3	116	23	6
3	117	24	6
3	118	25	6
3	119	26	6
3	120	27	6
3	121	28	6
3	122	29	6
3	123	30	6
3	124	31	6
3	125	32	6
3	126	33	6
3	127	34	6
3	128	35	6
3	129	36	6
3	130	37	6
3	131	38	6
3	132	39	6
3	133	40	6
3	134	41	6
3	135	42	6
3	136	43	6
3	137	44	6
3	138	45	6
3	139	46	6
3	140	47	6
3	141	48	6
3	142	49	6
3	143	50	6
3	144	51	6
3	145	52	6
3	146	53	6
3	147	54	6
3	148	55	6
3	149	56	6
3	150	57	6
3	151	58	6
3	152	59	6
3	153	60	6
3	154	61	6
3	155	62	6
3	156	63	6
3	157	64	6
3	158	65	6
3	159	66	6
3	160	67	6
3	161	68	6
3	162	69	6
3	163	70	6
3	164	71	6
3	165	72	6
3	166	73	6
3	167	74	6
3	168	75	6
3	169	76	6
3	170	77	6
3	171	78	6
3	172	79	6
3	173	80	6
3	174	81	6
3	175	82	6
3	176	83	6
3	177	84	6
3	178	85	6
3	179	86	6
3	180	87	6
3	181	88	6
3	182	89	6
3	183	90	6
3	184	91	6
3	185	92	6
3	186	93	6
3	187	94	6
3	188	95	6
3	189	96	6
3	190	97	6
3	191	98	6
3	192	99	6
3	193	100	5
3	194	101	5
3	195	102	5
3	196	103	3
3	197	104	3
3	198	105	2
3	199	106	2
3	200	107	2
3	201	108	2
3	202	109	2
3	203	110	2
3	204	111	2
3	205	112	1
3	206	113	1
3	207	114	1
3	208	115	1
3	209	116	1
3	210	117	1
3	211	118	1
3	212	119	1
3	213	120	1
3	214	121	0
3	215	122	0
3	216	123	0
3	217	124	0
3	218	125	0
3	219	126	0
3	220	127	0
3	221	128	0
3	222	129	0
3	223	130	0
3	224	131	0
3	225	132	0
3	226	133	0
3	227	134	0
3	228	135	0
3	229	136	0
3	230	137	0
3	231	138	0
3	232	139	0
3	233	140	0
3	234	141	0
3	235	142	0
3	236	143	0
3	237	144	0
3	238	145	0
3	239	146	0
3	240	147	0
3	241	148	0
3	242	149	0
3	243	150	0
3	244	151	0
3	245	152	0
3	246	153	0
3	247	154	0
3	248	155	0
3	249	156	0
3	250	157	0
3	251	158	0
3	252	159	0
3	253	160	0
3	254	161	0
3	255	162	0
3	256	163	0
3	257	164	0
3	258	165	0
3	259	166	0
3	260	167	0
3	261	168	0
3	262	169	0
3	263	170	0
3	264	171	0
3	265	172	0
3	266	173	0
3	267	174	0
3	268	175	0
3	269	176	0
3	270	177	0
3	271	178	0
3	272	179	0
3	273	180	0
3	274	181	0
3	275	182	0
3	276	183	0
3	277	184	0
3	278	185	0
3	279	186	0
3	280	187	0
3	281	188	0
3	282	189	0
3	283	190	0
3	284	191	0
3	285	192	0
3	286	193	0
3	287	194	0
3	288	195	0
3	289	196	0
3	290	197	0
3	291	198	0
3	292	199	0
3	293	200	0
3	294	201	0
3	295	202	0
3	296	203	0
3	297	204	0
3	298	205	0
3	299	206	0
3	300	207	0
3	301	208	0
3	302	209	0
3	303	210	0
3	304	211	0
3	305	212	0
3	306	213	0
3	307	214	0
3	308	215	0
3	309	216	0
3	310	217	0
3	311	218	0
3	312	219	0
3	313	220	0
3	314	221	0
3	315	222	0
3	316	223	0
3	317	224	0
3	318	225	0
3	319	226	0
3	320	227	0
3	321	228	0
3	322	229	0
3	323	230	0
3	324	231	0
3	325	232	0
3	326	233	0
3	327	234	0
3	328	235	0
3	329	236	0
3	330	237	0
3	331	238	0
3	332	239	0
3	333	240	0
3	334	241	0
3	335	242	0
3	336	243	0
3	337	244	0
3	338	245	0
3	339	246	0
3	340	247	0
3	341	248	0
3	342	249	0
3	343	250	0
3	344	251	0
3	345	252	0
3	346	253	0
3	347	254	0
3	348	255	0
3	349	256	0
3	350	257	0
3	351	258	0
3	352	259	0
3	353	260	0
3	354	261	0
3	355	262	0
3	356	263	0
3	357	264	0
3	358	265	0
3	359	266	0
3	360	267	0
3	361	268	0
3	362	269	0
3	363	270	0
3	364	271	0
3	365	272	0
3	366	273	0
3	367	274	0
3	368	275	0
3	369	276	0
3	370	277	0
3	371	278	0
3	372	279	0
3	373	280	0
3	374	281	0
3	375	282	0
3	376	283	0
3	377	284	0
3	378	285	0
3	379	286	0
3	380	287	0
3	381	288	0
3	382	289	0
3	383	290	0
3	384	291	0
3	385	292	0
3	386	293	0
3	387	294	0
3	388	295	0
3	389	296	0
3	390	297	0
3	391	298	0
3	392	299	0
3	393	300	0
3	394	301	0
3	395	302	0
3	396	303	0
3	397	304	0
3	398	305	0
3	399	306	0
3	400	307	0
3	401	308	0
3	402	309	0
3	403	310	0
3	404	311	0
3	405	312	0
3	406	313	0
3	407	314	0
3	408	315	0
3	409	316	0
3	410	317	0
3	411	318	0
3	412	319	0
3	413	320	0
3	414	321	0
3	415	322	0
3	416	323	0
3	417	324	0
3	418	325	0
3	419	326	0
3	420	327	0
3	421	328	0
3	422	329	0
3	423	330	0
3	424	331	0
3	425	332	0
3	426	333	0
3	427	334	0
3	428	335	0
3	429	336	0
3	430	337	0
3	431	338	0
3	432	339	0
3	433	340	0
3	434	341	0
3	435	342	0
3	436	343	0
3	437	344	0
3	438	345	0
3	439	346	0
3	440	347	0
3	441	348	0
3	442	349	0
3	443	350	0
3	444	351	0
3	445	352	0
3	446	353	0
3	447	354	0
3	448	355	0
3	449	356	0
3	450	357	0
3	451	358	0
3	452	359	0
3	453	360	0
3	454	361	0
3	455	362	0
3	456	363	0
3	457	364	0
3	458	365	0
3	459	366	0
3	460	367	0
3	461	368	0
3	462	369	0
3	463	370	0
3	464	371	0
3	465	372	0
3	466	373	0
3	467	374	0
3	468	375	0
3	469	376	0
3	470	377	0
3	471	378	0
3	472	379	0
3	473	380	0
3	474	381	0
3	475	382	0
3	476	383	0
3	477	384	0
3	478	385	0
3	479	386	0
3	480	387	0
3	481	388	0
3	482	389	0
3	483	390	0
3	484	391	0
3	485	392	0
3	486	393	0
3	487	394	0
3	488	395	0
3	489	396	0
3	490	397	0
3	491	398	0
3	492	399	0
3	493	400	0
3	494	401	0
3	495	402	0
3	496	403	0
3	497	404	0
3	498	405	0
3	499	406	0
3	500	407	0
3	501	408	0
3	502	409	0
3	503	410	0
3	504	411	0
3	505	412	0
3	506	413	0
3	507	414	0
3	508	415	0
3	509	416	0
3	510	417	0
3	511	418	0
3	512	419	0
3	513	420	0
3	514	421	0
3	515	422	0
3	516	423	0
3	517	424	0
3	518	425	0
3	519	426	0
3	520	427	0
3	521	428	0
3	522	429	0
3	523	430	0
3	524	431	0
3	525	432	0
3	526	433	0
3	527	434	0
3	528	435	0
3	529	436	0
3	530	437	0
3	531	438	0
3	532	439	0
3	533	440	0
3	534	441	0
3	535	442	0
3	536	443	0
3	537	444	0
3	538	445	0
3	539	446	0
3	540	447	0
3	541	448	0
3	542	449	0
3	543	450	0
3	544	451	0
3	545	452	0
3	546	453	0
3	547	454	0
3	548	455	0
3	549	456	0
3	550	457	0
3	551	458	0
3	552	459	0
3	553	460	0
3	554	461	0
3	555	462	0
3	556	463	0
3	557	464	0
3	558	465	0
3	559	466	0
3	560	467	0
3	561	468	0
3	562	469	0
3	563	470	0
3	564	471	0
3	565	472	0
3	566	473	0
3	567	474	0
3	568	475	0
3	569	476	0
3	570	477	0
3	571	478	0
3	572	479	0
3	573	480	0
3	574	481	0
3	575	482	0
3	576	483	0
3	577	484	0
3	578	485	0
3	579	486	0
3	580	487	0
3	581	488	0
3	582	489	0
3	583	490	0
3	584	491	0
3	585	492	0
3	586	493	0
3	587	494	0
3	588	495	0
3	589	496	0
3	590	497	0
3	591	498	0
3	592	499	0
3	593	500	0
3	594	501	0
3	595	502	1
3	596	503	1
3	597	504	1
3	598	505	1
3	599	506	1
3	600	507	1
3	601	508	1
3	602	509	1
3	603	510	1
3	604	511	1
3	605	512	1
3	606	513	1
3	607	514	1
3	608	515	1
3	609	516	1
3	610	517	2
3	611	518	2
3	612	519	2
3	613	520	2
3	614	521	2
3	615	522	2
3	616	523	2
3	617	524	2
3	618	525	2
3	619	526	2
3	620	527	2
3	621	528	2
3	622	529	2
3	623	530	4
3	624	531	4
3	625	532	4
3	626	533	4
3	627	534	4
3	628	535	4
3	629	536	4
3	630	537	5
3	631	538	5
3	632	539	5
3	633	540	5
3	634	541	5
3	635	542	5
3	636	543	6
3	637	544	6
3	638	545	7
3	639	546	7
3	640	547	7
3	641	548	7
3	642	549	7
3	643	550	8
3	644	551	8
3	645	552	8
3	646	553	8
3	647	554	8
3	648	555	8
3	649	556	8
3	650	557	8
3	651	558	8
3	652	559	8
3	653	560	8
3	654	561	8
3	655	562	8
3	656	563	8
3	657	564	8
3	658	565	8
3	659	566	8
3	660	567	8
3	661	568	8
3	662	569	8
3	663	570	8
3	664	571	8
3	665	572	8
3	666	573	8
3	667	574	8
3	668	575	8
3	669	576	8
3	670	577	8
3	671	578	8
3	672	579	8
3	673	580	8
3	674	581	8
3	675	582	8
3	676	583	8
3	677	584	8
3	678	585	8
3	679	586	8
3	680	587	8
3	681	588	8
3	682	589	8
3	683	590	8
3	684	591	8
3	685	592	8
3	686	593	8
3	687	594	8
3	688	595	8
3	689	596	8
3	690	597	8
3	691	598	8
3	692	599	8
3	693	600	8
3	694	601	8
3	695	602	8
3	696	603	8
3	697	604	8
3	698	605	8
3	699	606	8
3	700	607	8
3	701	608	8
3	702	609	8
3	703	610	8
3	704	611	8
3	705	612	8
3	706	613	8
3	707	614	8
3	708	615	8
3	709	616	8
3	710	617	8
3	711	618	8
3	712	619	8
3	713	620	8
3	714	621	8
3	715	622	8
3	716	623	8
3	717	624	8
3	718	625	8
3	719	626	8
3	720	627	8
3	721	628	8
3	722	629	8
3	723	630	8
3	724	631	8
3	725	632	8
3	726	633	8
3	727	634	8
3	728	635	9
3	729	636	10
3	730	637	11
3	731	638	12
3	732	639	12
3	733	640	12
3	734	641	12
3	735	642	12
3	736	643	12
3	737	644	12
3	738	645	13
3	739	646	13
3	740	647	13
3	741	648	13
3	742	649	13
3	743	650	13
3	744	651	13
3	745	652	13
3	746	653	13
3	747	654	14
3	748	655	14
3	749	656	14
3	750	657	14
3	751	658	14
3	752	659	14
3	753	660	14
3	754	661	14
3	755	662	14
3	756	663	14
3	757	664	14
3	758	665	14
3	759	666	14
3	760	667	14
3	761	668	14
3	762	669	14
3	763	670	14
3	764	671	14
3	765	672	14
3	766	673	14
3	767	674	14
3	768	675	14
3	769	676	14
3	770	677	14
3	771	678	14
3	772	679	14
3	773	680	14
3	774	681	14
3	775	682	14
3	776	683	14
3	777	684	14
3	778	685	14
3	779	686	14
3	780	687	14
3	781	688	14
3	782	689	14
