exon	relative_pos_in_circle	relative_pos_in_exon	coverage
1	1	1	6
1	2	2	6
1	3	3	6
1	4	4	6
1	5	5	6
1	6	6	6
1	7	7	6
1	8	8	6
1	9	9	6
1	10	10	6
1	11	11	6
1	12	12	6
1	13	13	6
1	14	14	6
1	15	15	6
1	16	16	6
1	17	17	6
1	18	18	6
1	19	19	6
1	20	20	6
1	21	21	6
1	22	22	6
1	23	23	6
1	24	24	6
1	25	25	6
1	26	26	6
1	27	27	6
1	28	28	6
1	29	29	6
1	30	30	6
1	31	31	6
1	32	32	6
1	33	33	6
1	34	34	6
1	35	35	6
1	36	36	6
1	37	37	6
1	38	38	6
1	39	39	5
1	40	40	5
1	41	41	4
1	42	42	4
1	43	43	4
1	44	44	4
1	45	45	4
1	46	46	4
1	47	47	4
1	48	48	4
1	49	49	4
1	50	50	4
1	51	51	4
1	52	52	4
1	53	53	4
1	54	54	4
1	55	55	4
1	56	56	4
1	57	57	4
1	58	58	4
1	59	59	4
1	60	60	4
1	61	61	4
1	62	62	4
1	63	63	4
1	64	64	4
1	65	65	4
1	66	66	4
1	67	67	4
1	68	68	4
1	69	69	4
1	70	70	4
1	71	71	4
1	72	72	4
1	73	73	4
1	74	74	4
1	75	75	4
1	76	76	4
1	77	77	4
1	78	78	4
1	79	79	4
1	80	80	4
1	81	81	4
1	82	82	4
1	83	83	4
1	84	84	4
1	85	85	4
1	86	86	4
1	87	87	4
1	88	88	4
1	89	89	4
1	90	90	4
1	91	91	4
1	92	92	4
1	93	93	3
1	94	94	3
1	95	95	3
1	96	96	3
1	97	97	3
1	98	98	3
1	99	99	3
1	100	100	3
1	101	101	3
1	102	102	3
1	103	103	3
1	104	104	3
1	105	105	3
1	106	106	3
1	107	107	3
1	108	108	3
1	109	109	3
1	110	110	2
1	111	111	2
1	112	112	2
1	113	113	2
1	114	114	2
1	115	115	2
1	116	116	2
1	117	117	2
1	118	118	2
1	119	119	2
1	120	120	2
1	121	121	2
1	122	122	2
1	123	123	2
1	124	124	2
1	125	125	2
1	126	126	2
1	127	127	2
1	128	128	2
1	129	129	2
1	130	130	2
1	131	131	2
1	132	132	2
1	133	133	2
1	134	134	1
1	135	135	1
1	136	136	1
1	137	137	1
1	138	138	1
1	139	139	1
1	140	140	1
1	141	141	1
1	142	142	1
1	143	143	1
1	144	144	1
1	145	145	1
1	146	146	1
1	147	147	1
1	148	148	1
1	149	149	1
1	150	150	1
1	151	151	1
1	152	152	0
1	153	153	0
1	154	154	0
1	155	155	0
1	156	156	0
1	157	157	0
1	158	158	0
1	159	159	0
1	160	160	0
1	161	161	0
1	162	162	0
1	163	163	0
1	164	164	0
1	165	165	0
1	166	166	0
1	167	167	0
1	168	168	0
1	169	169	0
1	170	170	0
1	171	171	0
1	172	172	0
1	173	173	0
1	174	174	0
1	175	175	0
1	176	176	0
1	177	177	0
1	178	178	0
1	179	179	0
1	180	180	0
1	181	181	0
1	182	182	0
1	183	183	0
1	184	184	0
1	185	185	0
1	186	186	0
1	187	187	0
1	188	188	0
1	189	189	0
1	190	190	0
1	191	191	0
1	192	192	0
1	193	193	0
1	194	194	0
1	195	195	0
1	196	196	0
1	197	197	0
1	198	198	0
1	199	199	0
1	200	200	0
1	201	201	0
1	202	202	0
1	203	203	0
1	204	204	0
1	205	205	0
1	206	206	0
1	207	207	0
1	208	208	0
1	209	209	0
1	210	210	0
1	211	211	0
1	212	212	0
1	213	213	0
1	214	214	0
1	215	215	0
1	216	216	0
1	217	217	0
1	218	218	0
1	219	219	0
1	220	220	0
1	221	221	0
1	222	222	0
1	223	223	0
1	224	224	0
1	225	225	0
1	226	226	0
1	227	227	0
1	228	228	0
1	229	229	0
1	230	230	0
1	231	231	0
1	232	232	0
1	233	233	0
1	234	234	0
1	235	235	0
1	236	236	0
1	237	237	0
1	238	238	0
1	239	239	0
1	240	240	0
1	241	241	0
1	242	242	0
1	243	243	0
1	244	244	0
1	245	245	0
1	246	246	0
1	247	247	0
1	248	248	0
1	249	249	0
1	250	250	0
1	251	251	0
1	252	252	0
1	253	253	0
1	254	254	0
1	255	255	0
1	256	256	0
1	257	257	0
1	258	258	0
1	259	259	0
1	260	260	0
1	261	261	0
1	262	262	0
1	263	263	0
1	264	264	0
1	265	265	0
1	266	266	0
1	267	267	0
1	268	268	0
1	269	269	0
1	270	270	0
1	271	271	0
1	272	272	0
1	273	273	0
1	274	274	0
1	275	275	0
1	276	276	0
1	277	277	0
1	278	278	0
1	279	279	0
1	280	280	0
1	281	281	0
1	282	282	0
1	283	283	0
1	284	284	0
1	285	285	0
1	286	286	0
1	287	287	0
1	288	288	0
1	289	289	0
1	290	290	0
1	291	291	0
1	292	292	0
1	293	293	0
1	294	294	0
1	295	295	0
1	296	296	0
1	297	297	0
1	298	298	0
1	299	299	0
1	300	300	0
1	301	301	0
1	302	302	0
1	303	303	0
1	304	304	0
1	305	305	0
1	306	306	0
1	307	307	0
1	308	308	0
1	309	309	0
1	310	310	0
1	311	311	0
1	312	312	0
1	313	313	0
1	314	314	0
1	315	315	0
1	316	316	0
1	317	317	0
1	318	318	0
1	319	319	0
1	320	320	0
1	321	321	0
1	322	322	0
1	323	323	0
1	324	324	0
1	325	325	0
1	326	326	0
1	327	327	0
1	328	328	0
1	329	329	0
1	330	330	0
1	331	331	0
1	332	332	0
1	333	333	0
1	334	334	0
1	335	335	0
1	336	336	0
1	337	337	0
1	338	338	0
1	339	339	0
1	340	340	0
1	341	341	0
1	342	342	0
1	343	343	0
1	344	344	0
1	345	345	0
1	346	346	0
1	347	347	0
1	348	348	0
1	349	349	0
1	350	350	0
1	351	351	0
1	352	352	0
1	353	353	0
1	354	354	0
1	355	355	0
1	356	356	0
1	357	357	0
1	358	358	0
1	359	359	0
1	360	360	0
1	361	361	0
1	362	362	0
1	363	363	0
1	364	364	0
1	365	365	0
1	366	366	0
1	367	367	0
1	368	368	0
1	369	369	0
1	370	370	0
1	371	371	0
1	372	372	0
1	373	373	0
1	374	374	0
1	375	375	0
1	376	376	0
1	377	377	0
1	378	378	0
1	379	379	0
1	380	380	0
1	381	381	0
1	382	382	0
1	383	383	0
1	384	384	0
1	385	385	0
1	386	386	0
1	387	387	0
1	388	388	0
1	389	389	0
1	390	390	0
1	391	391	0
1	392	392	0
1	393	393	0
1	394	394	0
1	395	395	0
1	396	396	0
1	397	397	0
1	398	398	0
1	399	399	0
1	400	400	0
1	401	401	0
1	402	402	0
1	403	403	0
1	404	404	0
1	405	405	0
1	406	406	0
1	407	407	0
1	408	408	0
1	409	409	0
1	410	410	0
1	411	411	0
1	412	412	0
1	413	413	0
1	414	414	0
1	415	415	0
1	416	416	0
1	417	417	0
1	418	418	0
1	419	419	0
1	420	420	0
1	421	421	0
1	422	422	0
1	423	423	0
1	424	424	0
1	425	425	0
1	426	426	0
1	427	427	0
1	428	428	0
1	429	429	0
1	430	430	0
1	431	431	0
1	432	432	0
1	433	433	0
1	434	434	0
1	435	435	0
1	436	436	0
1	437	437	0
1	438	438	0
1	439	439	0
1	440	440	0
1	441	441	0
1	442	442	0
1	443	443	0
1	444	444	0
1	445	445	0
1	446	446	0
1	447	447	0
1	448	448	0
1	449	449	0
1	450	450	0
1	451	451	0
1	452	452	0
1	453	453	0
1	454	454	0
1	455	455	0
1	456	456	0
1	457	457	0
1	458	458	0
1	459	459	0
1	460	460	0
1	461	461	0
1	462	462	0
1	463	463	0
1	464	464	0
1	465	465	0
1	466	466	0
1	467	467	0
1	468	468	0
1	469	469	0
1	470	470	0
1	471	471	0
1	472	472	0
1	473	473	0
1	474	474	0
1	475	475	0
1	476	476	0
1	477	477	0
1	478	478	0
1	479	479	0
1	480	480	0
1	481	481	0
1	482	482	0
1	483	483	0
1	484	484	0
1	485	485	0
1	486	486	0
1	487	487	0
1	488	488	0
1	489	489	0
1	490	490	0
1	491	491	0
1	492	492	0
1	493	493	0
1	494	494	0
1	495	495	0
1	496	496	0
1	497	497	0
1	498	498	0
1	499	499	0
1	500	500	0
1	501	501	0
1	502	502	0
1	503	503	0
1	504	504	0
1	505	505	0
1	506	506	0
1	507	507	0
1	508	508	0
1	509	509	0
1	510	510	0
1	511	511	0
1	512	512	0
1	513	513	0
1	514	514	0
1	515	515	0
1	516	516	0
1	517	517	0
1	518	518	0
1	519	519	0
1	520	520	0
1	521	521	0
1	522	522	0
1	523	523	0
1	524	524	0
1	525	525	0
1	526	526	0
1	527	527	0
1	528	528	0
1	529	529	0
1	530	530	0
1	531	531	0
1	532	532	0
1	533	533	0
1	534	534	0
1	535	535	0
1	536	536	0
1	537	537	0
1	538	538	0
1	539	539	0
1	540	540	0
1	541	541	0
1	542	542	0
1	543	543	0
1	544	544	0
1	545	545	1
1	546	546	2
1	547	547	2
1	548	548	2
1	549	549	2
1	550	550	2
1	551	551	2
1	552	552	2
1	553	553	2
1	554	554	2
1	555	555	2
1	556	556	2
1	557	557	2
1	558	558	2
1	559	559	2
1	560	560	2
1	561	561	2
1	562	562	2
1	563	563	2
1	564	564	2
1	565	565	2
1	566	566	2
1	567	567	2
1	568	568	2
1	569	569	2
1	570	570	2
1	571	571	2
1	572	572	2
1	573	573	2
1	574	574	2
1	575	575	2
1	576	576	2
1	577	577	2
1	578	578	2
1	579	579	2
1	580	580	2
1	581	581	2
1	582	582	2
1	583	583	2
1	584	584	2
1	585	585	2
1	586	586	2
1	587	587	2
1	588	588	2
1	589	589	2
1	590	590	2
1	591	591	2
1	592	592	2
1	593	593	2
1	594	594	2
1	595	595	2
1	596	596	2
1	597	597	2
1	598	598	3
1	599	599	3
1	600	600	3
1	601	601	3
1	602	602	3
1	603	603	3
1	604	604	3
1	605	605	3
1	606	606	3
1	607	607	3
1	608	608	3
1	609	609	3
1	610	610	3
1	611	611	3
1	612	612	3
1	613	613	3
1	614	614	3
1	615	615	4
1	616	616	4
1	617	617	4
1	618	618	4
1	619	619	4
1	620	620	4
1	621	621	4
1	622	622	4
1	623	623	4
1	624	624	4
1	625	625	4
1	626	626	4
1	627	627	4
1	628	628	4
1	629	629	4
1	630	630	4
1	631	631	4
1	632	632	4
1	633	633	4
1	634	634	4
1	635	635	4
1	636	636	4
1	637	637	4
1	638	638	4
1	639	639	4
1	640	640	5
1	641	641	5
1	642	642	5
1	643	643	5
1	644	644	5
1	645	645	5
1	646	646	5
1	647	647	5
1	648	648	5
1	649	649	5
1	650	650	5
1	651	651	5
1	652	652	5
1	653	653	5
1	654	654	5
1	655	655	5
1	656	656	5
1	657	657	6
1	658	658	6
1	659	659	6
1	660	660	6
1	661	661	6
1	662	662	6
1	663	663	6
1	664	664	6
1	665	665	6
1	666	666	6
1	667	667	6
1	668	668	6
1	669	669	6
1	670	670	6
1	671	671	6
1	672	672	6
1	673	673	6
1	674	674	6
1	675	675	6
1	676	676	6
1	677	677	6
1	678	678	6
1	679	679	6
1	680	680	6
1	681	681	6
1	682	682	6
1	683	683	6
1	684	684	6
1	685	685	6
1	686	686	6
1	687	687	6
1	688	688	6
1	689	689	6
1	690	690	6
1	691	691	6
1	692	692	6
1	693	693	6
1	694	694	6
1	695	695	6
1	696	696	6
1	697	697	6
1	698	698	6
1	699	699	6
1	700	700	6
1	701	701	6
1	702	702	6
1	703	703	6
1	704	704	6
1	705	705	6
1	706	706	6
1	707	707	6
1	708	708	6
1	709	709	6
1	710	710	6
1	711	711	6
1	712	712	6
1	713	713	6
1	714	714	6
1	715	715	6
1	716	716	6
1	717	717	6
1	718	718	6
1	719	719	6
1	720	720	6
1	721	721	6
1	722	722	6
1	723	723	6
1	724	724	6
1	725	725	6
1	726	726	6
1	727	727	6
1	728	728	6
1	729	729	6
1	730	730	6
1	731	731	6
1	732	732	6
1	733	733	6
1	734	734	6
1	735	735	6
1	736	736	6
1	737	737	6
1	738	738	6
1	739	739	6
1	740	740	6
1	741	741	6
1	742	742	6
1	743	743	6
1	744	744	6
1	745	745	6
1	746	746	6
1	747	747	6
1	748	748	6
1	749	749	6
1	750	750	6
1	751	751	6
1	752	752	6
1	753	753	6
1	754	754	6
