exon	relative_pos_in_circle	relative_pos_in_exon	coverage
1	1	1	17
1	2	2	17
1	3	3	17
1	4	4	17
1	5	5	17
1	6	6	17
1	7	7	17
1	8	8	17
1	9	9	17
1	10	10	17
1	11	11	17
1	12	12	17
1	13	13	17
1	14	14	17
1	15	15	17
1	16	16	17
1	17	17	17
1	18	18	17
1	19	19	17
1	20	20	17
1	21	21	17
1	22	22	17
1	23	23	17
1	24	24	16
1	25	25	16
1	26	26	16
1	27	27	16
1	28	28	16
1	29	29	16
1	30	30	16
1	31	31	16
1	32	32	16
1	33	33	16
1	34	34	16
1	35	35	16
1	36	36	16
1	37	37	16
1	38	38	16
1	39	39	16
1	40	40	16
1	41	41	16
1	42	42	14
1	43	43	13
1	44	44	13
1	45	45	13
1	46	46	13
1	47	47	13
1	48	48	13
1	49	49	13
1	50	50	13
1	51	51	13
1	52	52	13
1	53	53	13
1	54	54	13
1	55	55	13
1	56	56	13
1	57	57	13
1	58	58	13
1	59	59	13
1	60	60	13
1	61	61	11
1	62	62	11
1	63	63	11
1	64	64	10
1	65	65	10
1	66	66	10
1	67	67	10
1	68	68	10
1	69	69	10
1	70	70	10
1	71	71	10
1	72	72	10
1	73	73	9
1	74	74	9
1	75	75	9
1	76	76	9
1	77	77	9
1	78	78	9
1	79	79	9
1	80	80	9
1	81	81	9
1	82	82	8
1	83	83	8
1	84	84	8
1	85	85	8
1	86	86	8
1	87	87	8
1	88	88	8
1	89	89	8
1	90	90	8
1	91	91	8
1	92	92	8
1	93	93	8
1	94	94	8
1	95	95	8
1	96	96	8
1	97	97	8
1	98	98	8
1	99	99	8
1	100	100	8
1	101	101	8
1	102	102	8
1	103	103	8
1	104	104	8
1	105	105	8
1	106	106	8
1	107	107	8
1	108	108	8
1	109	109	8
1	110	110	8
1	111	111	8
1	112	112	8
1	113	113	8
1	114	114	8
1	115	115	8
1	116	116	8
1	117	117	8
1	118	118	8
1	119	119	8
1	120	120	8
1	121	121	8
1	122	122	8
1	123	123	8
1	124	124	8
1	125	125	8
1	126	126	8
1	127	127	8
1	128	128	8
1	129	129	8
1	130	130	8
1	131	131	8
1	132	132	8
1	133	133	8
1	134	134	8
1	135	135	8
1	136	136	7
1	137	137	7
1	138	138	7
1	139	139	7
1	140	140	7
1	141	141	7
1	142	142	6
1	143	143	6
1	144	144	6
1	145	145	6
1	146	146	6
1	147	147	6
1	148	148	5
1	149	149	5
1	150	150	5
1	151	151	5
1	152	152	5
1	153	153	5
1	154	154	4
1	155	155	4
1	156	156	4
1	157	157	4
1	158	158	4
1	159	159	4
1	160	160	4
1	161	161	4
1	162	162	4
1	163	163	4
1	164	164	4
1	165	165	4
1	166	166	4
1	167	167	4
1	168	168	4
1	169	169	4
1	170	170	4
1	171	171	4
1	172	172	4
1	173	173	4
1	174	174	4
1	175	175	4
1	176	176	4
1	177	177	4
1	178	178	4
1	179	179	4
1	180	180	4
1	181	181	4
1	182	182	4
1	183	183	4
1	184	184	4
1	185	185	4
1	186	186	4
1	187	187	4
1	188	188	4
1	189	189	4
1	190	190	4
1	191	191	4
1	192	192	4
1	193	193	4
1	194	194	4
1	195	195	4
1	196	196	4
1	197	197	4
1	198	198	4
1	199	199	4
1	200	200	4
1	201	201	4
1	202	202	4
1	203	203	4
1	204	204	3
1	205	205	3
1	206	206	3
1	207	207	3
1	208	208	2
1	209	209	2
1	210	210	2
1	211	211	2
1	212	212	2
1	213	213	2
1	214	214	2
1	215	215	2
1	216	216	2
1	217	217	2
1	218	218	2
1	219	219	2
1	220	220	2
1	221	221	1
1	222	222	0
1	223	223	0
1	224	224	0
1	225	225	0
1	226	226	0
1	227	227	0
1	228	228	0
1	229	229	0
1	230	230	0
1	231	231	0
1	232	232	0
1	233	233	0
1	234	234	0
1	235	235	0
1	236	236	0
1	237	237	0
1	238	238	0
1	239	239	0
1	240	240	0
1	241	241	0
1	242	242	0
1	243	243	0
1	244	244	0
1	245	245	0
1	246	246	0
1	247	247	0
1	248	248	0
1	249	249	0
1	250	250	0
1	251	251	0
1	252	252	0
1	253	253	0
1	254	254	0
1	255	255	0
1	256	256	0
1	257	257	0
1	258	258	0
1	259	259	0
1	260	260	0
1	261	261	0
1	262	262	0
1	263	263	0
1	264	264	0
1	265	265	0
1	266	266	0
1	267	267	0
1	268	268	0
1	269	269	0
1	270	270	0
1	271	271	0
1	272	272	0
1	273	273	0
1	274	274	0
1	275	275	0
1	276	276	0
1	277	277	0
1	278	278	0
1	279	279	0
1	280	280	0
1	281	281	0
1	282	282	0
1	283	283	0
1	284	284	0
1	285	285	0
1	286	286	0
1	287	287	0
1	288	288	0
1	289	289	0
1	290	290	0
1	291	291	0
1	292	292	0
1	293	293	0
1	294	294	0
2	295	1	0
2	296	2	0
2	297	3	0
2	298	4	0
2	299	5	0
2	300	6	0
2	301	7	0
2	302	8	0
2	303	9	0
2	304	10	0
2	305	11	0
2	306	12	0
2	307	13	0
2	308	14	0
2	309	15	0
2	310	16	0
2	311	17	0
2	312	18	0
2	313	19	0
2	314	20	0
2	315	21	0
2	316	22	0
2	317	23	0
2	318	24	0
2	319	25	0
2	320	26	0
2	321	27	0
2	322	28	0
2	323	29	0
2	324	30	0
2	325	31	0
2	326	32	0
2	327	33	0
2	328	34	0
2	329	35	0
2	330	36	0
2	331	37	0
2	332	38	0
2	333	39	0
2	334	40	0
2	335	41	0
2	336	42	0
2	337	43	0
2	338	44	0
2	339	45	0
2	340	46	0
2	341	47	0
2	342	48	0
2	343	49	0
2	344	50	0
2	345	51	0
2	346	52	0
2	347	53	0
2	348	54	0
2	349	55	0
2	350	56	0
2	351	57	0
2	352	58	0
2	353	59	0
2	354	60	0
2	355	61	0
2	356	62	0
2	357	63	0
2	358	64	0
2	359	65	0
2	360	66	0
2	361	67	0
2	362	68	0
2	363	69	0
2	364	70	0
2	365	71	0
2	366	72	0
2	367	73	0
2	368	74	0
2	369	75	0
2	370	76	0
2	371	77	0
2	372	78	0
2	373	79	0
2	374	80	0
2	375	81	0
2	376	82	0
2	377	83	0
2	378	84	0
2	379	85	0
2	380	86	0
2	381	87	0
2	382	88	0
2	383	89	0
2	384	90	0
2	385	91	0
2	386	92	0
2	387	93	0
2	388	94	0
2	389	95	0
2	390	96	0
2	391	97	0
2	392	98	0
2	393	99	0
2	394	100	0
2	395	101	0
2	396	102	0
2	397	103	0
2	398	104	0
2	399	105	0
2	400	106	0
2	401	107	0
2	402	108	0
2	403	109	0
2	404	110	0
2	405	111	0
2	406	112	0
2	407	113	0
2	408	114	0
2	409	115	0
2	410	116	0
2	411	117	0
2	412	118	0
2	413	119	0
2	414	120	0
2	415	121	0
2	416	122	0
2	417	123	0
2	418	124	0
2	419	125	0
2	420	126	0
2	421	127	0
2	422	128	0
2	423	129	0
2	424	130	0
2	425	131	0
2	426	132	0
2	427	133	0
2	428	134	0
2	429	135	0
2	430	136	0
2	431	137	0
2	432	138	0
2	433	139	0
2	434	140	0
2	435	141	0
2	436	142	0
2	437	143	0
2	438	144	0
2	439	145	0
2	440	146	0
2	441	147	0
2	442	148	0
2	443	149	0
2	444	150	0
2	445	151	0
2	446	152	0
2	447	153	0
2	448	154	0
2	449	155	0
2	450	156	0
2	451	157	0
2	452	158	0
2	453	159	0
2	454	160	0
2	455	161	0
2	456	162	0
2	457	163	0
2	458	164	0
2	459	165	0
2	460	166	0
2	461	167	0
2	462	168	0
2	463	169	0
2	464	170	0
2	465	171	0
2	466	172	0
2	467	173	0
2	468	174	0
2	469	175	0
2	470	176	0
2	471	177	0
2	472	178	0
2	473	179	0
2	474	180	0
2	475	181	0
2	476	182	0
2	477	183	0
2	478	184	0
2	479	185	0
2	480	186	0
2	481	187	0
2	482	188	0
2	483	189	0
2	484	190	0
2	485	191	0
2	486	192	0
2	487	193	0
2	488	194	0
2	489	195	0
2	490	196	0
2	491	197	0
2	492	198	0
2	493	199	0
2	494	200	0
2	495	201	0
2	496	202	0
2	497	203	0
2	498	204	0
2	499	205	0
2	500	206	0
2	501	207	0
2	502	208	0
2	503	209	0
2	504	210	0
2	505	211	0
2	506	212	0
2	507	213	0
2	508	214	0
2	509	215	0
2	510	216	0
2	511	217	0
2	512	218	0
2	513	219	0
2	514	220	0
2	515	221	0
2	516	222	0
2	517	223	0
2	518	224	0
2	519	225	0
2	520	226	0
2	521	227	0
2	522	228	0
2	523	229	0
2	524	230	0
2	525	231	0
2	526	232	0
2	527	233	0
2	528	234	0
2	529	235	0
2	530	236	0
2	531	237	0
2	532	238	0
2	533	239	0
2	534	240	0
2	535	241	0
2	536	242	0
2	537	243	0
2	538	244	0
2	539	245	0
2	540	246	0
2	541	247	0
2	542	248	0
2	543	249	0
2	544	250	0
2	545	251	0
2	546	252	0
2	547	253	0
2	548	254	0
2	549	255	0
2	550	256	0
2	551	257	0
2	552	258	0
2	553	259	0
2	554	260	0
2	555	261	0
2	556	262	0
2	557	263	0
2	558	264	0
2	559	265	0
2	560	266	0
2	561	267	0
2	562	268	0
2	563	269	0
2	564	270	0
2	565	271	0
2	566	272	0
2	567	273	0
2	568	274	0
2	569	275	0
2	570	276	0
2	571	277	0
2	572	278	0
2	573	279	0
2	574	280	0
2	575	281	0
2	576	282	0
2	577	283	0
2	578	284	0
2	579	285	0
2	580	286	0
2	581	287	0
2	582	288	0
2	583	289	0
2	584	290	0
2	585	291	0
2	586	292	0
2	587	293	0
2	588	294	0
2	589	295	0
2	590	296	0
2	591	297	0
2	592	298	0
2	593	299	0
2	594	300	0
2	595	301	0
2	596	302	0
2	597	303	0
2	598	304	0
2	599	305	0
2	600	306	0
2	601	307	0
2	602	308	0
2	603	309	0
2	604	310	0
2	605	311	0
2	606	312	0
2	607	313	0
2	608	314	0
2	609	315	0
2	610	316	0
2	611	317	0
2	612	318	0
2	613	319	0
2	614	320	0
2	615	321	0
2	616	322	0
2	617	323	0
2	618	324	0
2	619	325	0
2	620	326	0
2	621	327	0
2	622	328	0
2	623	329	0
2	624	330	0
2	625	331	0
2	626	332	0
2	627	333	0
2	628	334	0
2	629	335	0
2	630	336	0
2	631	337	0
2	632	338	0
2	633	339	0
2	634	340	0
2	635	341	0
2	636	342	0
2	637	343	0
2	638	344	0
2	639	345	0
2	640	346	0
2	641	347	0
2	642	348	0
2	643	349	0
2	644	350	0
2	645	351	0
2	646	352	0
2	647	353	0
2	648	354	0
2	649	355	0
2	650	356	0
2	651	357	0
2	652	358	0
2	653	359	0
2	654	360	0
2	655	361	0
2	656	362	0
2	657	363	0
2	658	364	0
2	659	365	0
2	660	366	0
2	661	367	0
2	662	368	0
2	663	369	0
2	664	370	0
2	665	371	0
2	666	372	0
2	667	373	0
2	668	374	0
2	669	375	0
2	670	376	0
2	671	377	0
2	672	378	0
2	673	379	0
2	674	380	0
2	675	381	0
2	676	382	0
2	677	383	0
2	678	384	0
2	679	385	0
2	680	386	0
2	681	387	0
2	682	388	0
2	683	389	0
2	684	390	0
2	685	391	0
2	686	392	0
2	687	393	0
2	688	394	0
2	689	395	0
2	690	396	0
2	691	397	0
2	692	398	0
2	693	399	0
2	694	400	0
2	695	401	0
2	696	402	0
2	697	403	0
2	698	404	0
2	699	405	0
2	700	406	0
2	701	407	0
2	702	408	0
2	703	409	0
2	704	410	0
2	705	411	0
2	706	412	0
2	707	413	0
2	708	414	0
2	709	415	0
2	710	416	0
2	711	417	0
2	712	418	0
2	713	419	0
2	714	420	0
2	715	421	0
2	716	422	0
2	717	423	0
2	718	424	0
2	719	425	0
2	720	426	0
2	721	427	0
2	722	428	0
2	723	429	0
2	724	430	0
2	725	431	0
2	726	432	0
2	727	433	0
2	728	434	0
2	729	435	0
2	730	436	0
2	731	437	0
2	732	438	0
2	733	439	0
2	734	440	0
2	735	441	0
2	736	442	0
2	737	443	0
2	738	444	0
2	739	445	0
2	740	446	0
2	741	447	0
2	742	448	0
2	743	449	0
2	744	450	0
2	745	451	0
2	746	452	0
2	747	453	0
2	748	454	0
2	749	455	0
2	750	456	0
2	751	457	0
2	752	458	0
2	753	459	0
2	754	460	0
2	755	461	0
2	756	462	0
2	757	463	0
2	758	464	0
2	759	465	0
2	760	466	0
2	761	467	0
2	762	468	0
2	763	469	0
2	764	470	0
2	765	471	0
2	766	472	0
2	767	473	0
2	768	474	0
2	769	475	0
2	770	476	0
2	771	477	0
2	772	478	0
2	773	479	0
2	774	480	0
2	775	481	0
2	776	482	0
2	777	483	0
2	778	484	0
2	779	485	0
2	780	486	0
2	781	487	0
2	782	488	0
2	783	489	0
2	784	490	0
2	785	491	0
2	786	492	0
2	787	493	0
2	788	494	0
2	789	495	0
2	790	496	0
2	791	497	0
2	792	498	0
2	793	499	0
2	794	500	0
2	795	501	0
2	796	502	0
2	797	503	0
2	798	504	0
2	799	505	0
2	800	506	0
2	801	507	0
2	802	508	0
2	803	509	0
2	804	510	0
2	805	511	0
2	806	512	0
2	807	513	0
2	808	514	0
2	809	515	0
2	810	516	0
2	811	517	0
2	812	518	0
2	813	519	0
2	814	520	0
2	815	521	0
2	816	522	0
2	817	523	0
2	818	524	0
2	819	525	0
2	820	526	0
2	821	527	0
2	822	528	0
2	823	529	0
2	824	530	0
2	825	531	0
2	826	532	0
2	827	533	0
2	828	534	0
2	829	535	0
2	830	536	0
2	831	537	0
2	832	538	0
2	833	539	0
2	834	540	0
2	835	541	0
2	836	542	0
2	837	543	0
2	838	544	0
2	839	545	0
2	840	546	0
2	841	547	0
2	842	548	0
2	843	549	0
2	844	550	0
2	845	551	0
2	846	552	0
2	847	553	0
2	848	554	0
2	849	555	0
2	850	556	0
2	851	557	0
2	852	558	0
2	853	559	0
2	854	560	0
2	855	561	0
2	856	562	0
2	857	563	0
2	858	564	0
2	859	565	0
2	860	566	0
2	861	567	0
2	862	568	0
2	863	569	0
2	864	570	0
2	865	571	0
2	866	572	0
2	867	573	0
2	868	574	0
2	869	575	0
2	870	576	0
2	871	577	0
2	872	578	0
2	873	579	0
2	874	580	0
2	875	581	0
2	876	582	0
2	877	583	0
2	878	584	0
2	879	585	0
2	880	586	0
2	881	587	0
2	882	588	0
2	883	589	0
2	884	590	0
2	885	591	0
2	886	592	0
2	887	593	0
2	888	594	0
2	889	595	0
2	890	596	0
2	891	597	0
2	892	598	0
2	893	599	0
2	894	600	0
2	895	601	0
2	896	602	0
2	897	603	0
2	898	604	0
2	899	605	0
2	900	606	0
2	901	607	0
2	902	608	0
2	903	609	0
2	904	610	0
2	905	611	0
2	906	612	0
2	907	613	0
2	908	614	0
2	909	615	0
2	910	616	0
2	911	617	0
2	912	618	0
2	913	619	0
2	914	620	0
2	915	621	0
2	916	622	0
2	917	623	0
2	918	624	0
2	919	625	0
2	920	626	0
2	921	627	0
2	922	628	0
2	923	629	0
2	924	630	0
2	925	631	0
2	926	632	0
2	927	633	0
2	928	634	0
2	929	635	0
2	930	636	0
2	931	637	0
2	932	638	0
2	933	639	0
2	934	640	0
2	935	641	0
2	936	642	0
2	937	643	0
2	938	644	0
2	939	645	0
2	940	646	0
2	941	647	0
2	942	648	0
2	943	649	0
2	944	650	0
2	945	651	0
2	946	652	0
2	947	653	0
2	948	654	0
2	949	655	0
2	950	656	0
2	951	657	0
2	952	658	0
2	953	659	0
2	954	660	0
2	955	661	0
2	956	662	0
2	957	663	0
2	958	664	0
2	959	665	0
2	960	666	0
2	961	667	0
2	962	668	0
2	963	669	0
2	964	670	0
2	965	671	0
2	966	672	0
2	967	673	0
2	968	674	0
2	969	675	0
2	970	676	0
2	971	677	0
2	972	678	0
2	973	679	0
2	974	680	0
2	975	681	0
2	976	682	0
2	977	683	0
2	978	684	0
2	979	685	0
2	980	686	0
2	981	687	0
2	982	688	0
2	983	689	0
2	984	690	0
2	985	691	0
2	986	692	0
2	987	693	0
2	988	694	0
2	989	695	0
2	990	696	0
2	991	697	0
2	992	698	0
2	993	699	0
2	994	700	0
2	995	701	0
2	996	702	0
2	997	703	0
2	998	704	0
2	999	705	0
2	1000	706	0
2	1001	707	0
2	1002	708	0
2	1003	709	0
2	1004	710	0
2	1005	711	0
2	1006	712	0
2	1007	713	0
2	1008	714	0
2	1009	715	0
2	1010	716	0
2	1011	717	0
2	1012	718	0
2	1013	719	0
2	1014	720	0
2	1015	721	0
2	1016	722	0
2	1017	723	0
2	1018	724	0
2	1019	725	0
2	1020	726	0
2	1021	727	0
2	1022	728	0
2	1023	729	0
2	1024	730	0
2	1025	731	0
2	1026	732	0
2	1027	733	0
2	1028	734	0
2	1029	735	0
2	1030	736	0
2	1031	737	0
2	1032	738	0
2	1033	739	0
2	1034	740	0
2	1035	741	0
2	1036	742	0
2	1037	743	0
2	1038	744	0
2	1039	745	0
2	1040	746	0
2	1041	747	0
2	1042	748	0
2	1043	749	0
2	1044	750	0
2	1045	751	0
2	1046	752	0
2	1047	753	0
2	1048	754	0
2	1049	755	0
2	1050	756	0
2	1051	757	0
2	1052	758	0
2	1053	759	0
2	1054	760	0
2	1055	761	0
2	1056	762	0
2	1057	763	0
2	1058	764	0
2	1059	765	0
2	1060	766	0
2	1061	767	0
2	1062	768	0
2	1063	769	0
2	1064	770	0
2	1065	771	0
2	1066	772	0
2	1067	773	0
2	1068	774	0
2	1069	775	0
2	1070	776	0
2	1071	777	0
2	1072	778	0
2	1073	779	0
2	1074	780	0
2	1075	781	0
2	1076	782	0
2	1077	783	0
2	1078	784	0
2	1079	785	0
2	1080	786	0
2	1081	787	0
2	1082	788	0
2	1083	789	0
2	1084	790	0
2	1085	791	0
2	1086	792	0
2	1087	793	0
2	1088	794	0
2	1089	795	0
2	1090	796	0
2	1091	797	0
2	1092	798	0
2	1093	799	0
2	1094	800	0
2	1095	801	0
2	1096	802	0
2	1097	803	0
2	1098	804	0
2	1099	805	0
2	1100	806	0
2	1101	807	0
2	1102	808	0
2	1103	809	0
2	1104	810	0
2	1105	811	0
2	1106	812	0
2	1107	813	0
2	1108	814	0
2	1109	815	0
2	1110	816	0
2	1111	817	0
2	1112	818	0
2	1113	819	0
2	1114	820	0
2	1115	821	0
2	1116	822	0
2	1117	823	0
2	1118	824	0
2	1119	825	0
2	1120	826	0
2	1121	827	0
2	1122	828	0
2	1123	829	0
2	1124	830	0
2	1125	831	0
2	1126	832	0
2	1127	833	0
2	1128	834	0
2	1129	835	0
2	1130	836	0
2	1131	837	0
2	1132	838	0
2	1133	839	0
2	1134	840	0
2	1135	841	0
2	1136	842	0
2	1137	843	0
2	1138	844	0
2	1139	845	0
2	1140	846	0
2	1141	847	0
2	1142	848	0
2	1143	849	0
2	1144	850	0
2	1145	851	0
2	1146	852	0
2	1147	853	0
2	1148	854	0
2	1149	855	0
2	1150	856	0
2	1151	857	0
2	1152	858	0
2	1153	859	0
2	1154	860	0
2	1155	861	0
2	1156	862	0
2	1157	863	0
2	1158	864	0
2	1159	865	0
2	1160	866	0
2	1161	867	0
2	1162	868	0
2	1163	869	0
2	1164	870	0
2	1165	871	0
2	1166	872	0
2	1167	873	0
2	1168	874	0
2	1169	875	0
2	1170	876	0
2	1171	877	0
2	1172	878	0
2	1173	879	0
2	1174	880	0
2	1175	881	0
2	1176	882	0
2	1177	883	0
2	1178	884	0
2	1179	885	0
2	1180	886	0
2	1181	887	0
2	1182	888	0
2	1183	889	0
2	1184	890	0
2	1185	891	0
2	1186	892	0
2	1187	893	0
2	1188	894	0
2	1189	895	0
2	1190	896	0
2	1191	897	0
2	1192	898	0
2	1193	899	0
2	1194	900	0
2	1195	901	0
2	1196	902	0
2	1197	903	0
2	1198	904	0
2	1199	905	0
2	1200	906	0
2	1201	907	0
2	1202	908	0
2	1203	909	0
2	1204	910	0
2	1205	911	0
2	1206	912	0
2	1207	913	0
2	1208	914	0
2	1209	915	0
2	1210	916	0
2	1211	917	0
2	1212	918	0
2	1213	919	0
2	1214	920	0
2	1215	921	0
2	1216	922	0
2	1217	923	0
2	1218	924	0
2	1219	925	0
2	1220	926	0
2	1221	927	0
2	1222	928	0
2	1223	929	0
2	1224	930	0
2	1225	931	0
2	1226	932	0
2	1227	933	0
2	1228	934	0
2	1229	935	0
2	1230	936	0
2	1231	937	0
2	1232	938	0
2	1233	939	0
2	1234	940	0
2	1235	941	0
2	1236	942	0
2	1237	943	0
2	1238	944	0
2	1239	945	0
2	1240	946	0
2	1241	947	0
2	1242	948	0
2	1243	949	0
2	1244	950	0
2	1245	951	0
2	1246	952	0
2	1247	953	0
2	1248	954	0
2	1249	955	0
2	1250	956	0
2	1251	957	0
2	1252	958	0
2	1253	959	0
2	1254	960	0
2	1255	961	0
2	1256	962	0
2	1257	963	0
2	1258	964	0
2	1259	965	0
2	1260	966	0
2	1261	967	0
2	1262	968	0
2	1263	969	0
2	1264	970	0
2	1265	971	0
2	1266	972	0
2	1267	973	0
2	1268	974	0
2	1269	975	0
2	1270	976	0
2	1271	977	0
2	1272	978	0
2	1273	979	0
2	1274	980	0
2	1275	981	0
2	1276	982	0
2	1277	983	0
2	1278	984	0
2	1279	985	0
2	1280	986	0
2	1281	987	0
2	1282	988	0
2	1283	989	0
2	1284	990	0
2	1285	991	0
2	1286	992	0
2	1287	993	0
2	1288	994	0
2	1289	995	0
2	1290	996	0
2	1291	997	0
2	1292	998	0
2	1293	999	0
2	1294	1000	0
2	1295	1001	0
2	1296	1002	0
2	1297	1003	0
2	1298	1004	0
2	1299	1005	0
2	1300	1006	0
2	1301	1007	0
2	1302	1008	0
2	1303	1009	0
2	1304	1010	0
2	1305	1011	0
2	1306	1012	0
2	1307	1013	0
2	1308	1014	0
2	1309	1015	0
2	1310	1016	0
2	1311	1017	0
2	1312	1018	0
2	1313	1019	0
2	1314	1020	0
2	1315	1021	0
2	1316	1022	0
2	1317	1023	0
2	1318	1024	0
2	1319	1025	0
2	1320	1026	0
2	1321	1027	0
2	1322	1028	0
2	1323	1029	0
2	1324	1030	0
2	1325	1031	0
2	1326	1032	0
2	1327	1033	0
2	1328	1034	0
2	1329	1035	0
2	1330	1036	0
2	1331	1037	0
2	1332	1038	0
2	1333	1039	0
2	1334	1040	0
2	1335	1041	0
2	1336	1042	0
2	1337	1043	0
2	1338	1044	0
2	1339	1045	0
2	1340	1046	0
2	1341	1047	0
2	1342	1048	0
2	1343	1049	0
2	1344	1050	0
2	1345	1051	0
2	1346	1052	0
2	1347	1053	0
2	1348	1054	0
2	1349	1055	0
2	1350	1056	0
2	1351	1057	0
2	1352	1058	0
2	1353	1059	0
2	1354	1060	0
2	1355	1061	0
2	1356	1062	0
2	1357	1063	0
2	1358	1064	0
2	1359	1065	0
2	1360	1066	0
2	1361	1067	0
2	1362	1068	0
2	1363	1069	0
2	1364	1070	0
2	1365	1071	0
2	1366	1072	0
2	1367	1073	0
2	1368	1074	0
2	1369	1075	0
2	1370	1076	0
2	1371	1077	0
2	1372	1078	0
2	1373	1079	0
2	1374	1080	0
2	1375	1081	0
2	1376	1082	0
2	1377	1083	0
2	1378	1084	0
2	1379	1085	0
2	1380	1086	0
2	1381	1087	0
2	1382	1088	0
2	1383	1089	0
2	1384	1090	0
2	1385	1091	0
2	1386	1092	0
2	1387	1093	0
2	1388	1094	0
2	1389	1095	0
2	1390	1096	0
2	1391	1097	0
2	1392	1098	0
2	1393	1099	0
2	1394	1100	0
2	1395	1101	0
2	1396	1102	0
2	1397	1103	0
2	1398	1104	0
2	1399	1105	0
2	1400	1106	0
2	1401	1107	0
2	1402	1108	0
2	1403	1109	0
2	1404	1110	0
2	1405	1111	0
2	1406	1112	0
2	1407	1113	0
2	1408	1114	0
2	1409	1115	0
2	1410	1116	0
2	1411	1117	0
2	1412	1118	0
2	1413	1119	0
2	1414	1120	0
2	1415	1121	0
2	1416	1122	0
2	1417	1123	0
2	1418	1124	0
2	1419	1125	0
2	1420	1126	0
2	1421	1127	0
2	1422	1128	0
2	1423	1129	0
2	1424	1130	0
2	1425	1131	0
2	1426	1132	0
2	1427	1133	0
2	1428	1134	0
2	1429	1135	0
2	1430	1136	0
2	1431	1137	0
2	1432	1138	0
2	1433	1139	0
2	1434	1140	0
2	1435	1141	0
2	1436	1142	0
2	1437	1143	0
2	1438	1144	0
2	1439	1145	0
2	1440	1146	0
2	1441	1147	0
2	1442	1148	0
2	1443	1149	0
2	1444	1150	0
2	1445	1151	0
2	1446	1152	0
2	1447	1153	0
2	1448	1154	0
2	1449	1155	0
2	1450	1156	0
2	1451	1157	0
2	1452	1158	0
2	1453	1159	0
2	1454	1160	0
2	1455	1161	0
2	1456	1162	0
2	1457	1163	0
2	1458	1164	0
2	1459	1165	0
2	1460	1166	0
2	1461	1167	0
2	1462	1168	0
2	1463	1169	0
2	1464	1170	0
2	1465	1171	0
2	1466	1172	0
2	1467	1173	0
2	1468	1174	0
2	1469	1175	0
2	1470	1176	0
2	1471	1177	0
2	1472	1178	0
2	1473	1179	0
2	1474	1180	0
2	1475	1181	0
2	1476	1182	0
2	1477	1183	0
2	1478	1184	0
2	1479	1185	0
2	1480	1186	0
2	1481	1187	0
2	1482	1188	0
2	1483	1189	0
2	1484	1190	0
2	1485	1191	0
2	1486	1192	0
2	1487	1193	0
2	1488	1194	0
2	1489	1195	0
2	1490	1196	0
2	1491	1197	0
2	1492	1198	0
2	1493	1199	0
2	1494	1200	0
2	1495	1201	0
2	1496	1202	0
2	1497	1203	0
2	1498	1204	0
2	1499	1205	0
2	1500	1206	0
2	1501	1207	0
2	1502	1208	0
2	1503	1209	0
2	1504	1210	0
2	1505	1211	0
2	1506	1212	0
2	1507	1213	0
2	1508	1214	0
2	1509	1215	0
2	1510	1216	0
2	1511	1217	0
2	1512	1218	0
2	1513	1219	0
2	1514	1220	0
2	1515	1221	0
2	1516	1222	0
2	1517	1223	0
2	1518	1224	0
2	1519	1225	0
2	1520	1226	0
2	1521	1227	0
2	1522	1228	0
2	1523	1229	0
2	1524	1230	0
2	1525	1231	0
2	1526	1232	0
2	1527	1233	0
2	1528	1234	0
2	1529	1235	0
2	1530	1236	0
2	1531	1237	0
2	1532	1238	0
2	1533	1239	0
2	1534	1240	0
2	1535	1241	0
2	1536	1242	0
2	1537	1243	0
2	1538	1244	0
2	1539	1245	0
2	1540	1246	0
2	1541	1247	0
2	1542	1248	0
2	1543	1249	0
2	1544	1250	0
2	1545	1251	0
2	1546	1252	0
2	1547	1253	0
2	1548	1254	0
2	1549	1255	0
2	1550	1256	0
2	1551	1257	0
2	1552	1258	0
2	1553	1259	0
2	1554	1260	0
2	1555	1261	0
2	1556	1262	0
2	1557	1263	0
2	1558	1264	0
2	1559	1265	0
2	1560	1266	0
2	1561	1267	0
2	1562	1268	0
2	1563	1269	0
2	1564	1270	0
2	1565	1271	0
2	1566	1272	0
2	1567	1273	0
2	1568	1274	0
2	1569	1275	0
2	1570	1276	0
2	1571	1277	0
2	1572	1278	0
2	1573	1279	0
2	1574	1280	0
2	1575	1281	0
2	1576	1282	0
2	1577	1283	0
2	1578	1284	0
2	1579	1285	0
2	1580	1286	0
2	1581	1287	0
2	1582	1288	0
2	1583	1289	0
2	1584	1290	0
2	1585	1291	0
2	1586	1292	0
2	1587	1293	0
2	1588	1294	0
2	1589	1295	0
2	1590	1296	0
2	1591	1297	0
2	1592	1298	0
2	1593	1299	0
2	1594	1300	0
2	1595	1301	0
2	1596	1302	0
2	1597	1303	0
2	1598	1304	0
2	1599	1305	0
2	1600	1306	0
2	1601	1307	0
2	1602	1308	0
2	1603	1309	0
2	1604	1310	0
2	1605	1311	0
2	1606	1312	0
2	1607	1313	0
2	1608	1314	0
2	1609	1315	0
2	1610	1316	0
2	1611	1317	1
2	1612	1318	2
2	1613	1319	2
2	1614	1320	2
2	1615	1321	2
2	1616	1322	2
2	1617	1323	2
2	1618	1324	2
2	1619	1325	2
2	1620	1326	2
2	1621	1327	2
2	1622	1328	2
2	1623	1329	2
2	1624	1330	2
2	1625	1331	2
2	1626	1332	2
2	1627	1333	2
2	1628	1334	2
2	1629	1335	2
3	1630	1	5
3	1631	2	5
3	1632	3	5
3	1633	4	5
3	1634	5	5
3	1635	6	5
3	1636	7	5
3	1637	8	5
3	1638	9	5
3	1639	10	5
3	1640	11	5
3	1641	12	5
3	1642	13	5
3	1643	14	5
3	1644	15	5
3	1645	16	5
3	1646	17	5
3	1647	18	5
3	1648	19	7
3	1649	20	7
3	1650	21	7
3	1651	22	8
3	1652	23	8
3	1653	24	8
3	1654	25	8
3	1655	26	8
3	1656	27	8
3	1657	28	8
3	1658	29	8
3	1659	30	8
3	1660	31	9
3	1661	32	9
3	1662	33	9
3	1663	34	9
3	1664	35	9
3	1665	36	9
3	1666	37	9
3	1667	38	9
3	1668	39	9
3	1669	40	9
3	1670	41	9
3	1671	42	9
3	1672	43	9
3	1673	44	9
3	1674	45	9
3	1675	46	9
3	1676	47	9
3	1677	48	9
3	1678	49	9
3	1679	50	9
3	1680	51	9
3	1681	52	9
3	1682	53	9
3	1683	54	9
3	1684	55	9
3	1685	56	9
3	1686	57	9
3	1687	58	9
3	1688	59	9
3	1689	60	9
3	1690	61	9
3	1691	62	9
3	1692	63	9
3	1693	64	9
3	1694	65	9
3	1695	66	9
3	1696	67	9
3	1697	68	9
3	1698	69	9
3	1699	70	9
3	1700	71	9
3	1701	72	9
3	1702	73	9
3	1703	74	9
3	1704	75	9
3	1705	76	9
3	1706	77	9
3	1707	78	9
3	1708	79	9
3	1709	80	9
3	1710	81	9
3	1711	82	9
3	1712	83	9
3	1713	84	9
3	1714	85	9
3	1715	86	9
3	1716	87	9
3	1717	88	9
3	1718	89	9
3	1719	90	9
3	1720	91	9
3	1721	92	9
3	1722	93	9
3	1723	94	10
3	1724	95	10
3	1725	96	10
3	1726	97	10
3	1727	98	10
3	1728	99	10
3	1729	100	11
3	1730	101	11
3	1731	102	11
3	1732	103	11
3	1733	104	11
3	1734	105	11
3	1735	106	12
3	1736	107	12
3	1737	108	12
3	1738	109	12
3	1739	110	12
3	1740	111	12
3	1741	112	12
3	1742	113	13
3	1743	114	13
3	1744	115	13
3	1745	116	13
3	1746	117	13
3	1747	118	13
3	1748	119	13
3	1749	120	13
3	1750	121	13
3	1751	122	13
3	1752	123	13
3	1753	124	13
3	1754	125	13
3	1755	126	13
3	1756	127	13
3	1757	128	13
3	1758	129	13
3	1759	130	13
3	1760	131	13
3	1761	132	13
3	1762	133	13
3	1763	134	13
3	1764	135	13
3	1765	136	13
3	1766	137	13
3	1767	138	13
3	1768	139	13
3	1769	140	13
3	1770	141	13
3	1771	142	13
3	1772	143	13
3	1773	144	13
3	1774	145	13
3	1775	146	13
3	1776	147	13
3	1777	148	13
3	1778	149	13
3	1779	150	13
3	1780	151	13
3	1781	152	13
3	1782	153	13
3	1783	154	13
3	1784	155	13
3	1785	156	13
3	1786	157	13
3	1787	158	13
3	1788	159	13
3	1789	160	13
3	1790	161	13
3	1791	162	14
3	1792	163	14
3	1793	164	14
3	1794	165	14
3	1795	166	15
3	1796	167	15
3	1797	168	15
3	1798	169	15
3	1799	170	15
3	1800	171	15
3	1801	172	15
3	1802	173	15
3	1803	174	15
3	1804	175	15
3	1805	176	15
3	1806	177	15
3	1807	178	15
3	1808	179	16
3	1809	180	17
3	1810	181	17
3	1811	182	17
3	1812	183	17
3	1813	184	17
3	1814	185	17
3	1815	186	17
3	1816	187	17
3	1817	188	17
3	1818	189	17
3	1819	190	17
3	1820	191	17
3	1821	192	17
3	1822	193	17
3	1823	194	17
3	1824	195	17
3	1825	196	17
3	1826	197	17
3	1827	198	17
3	1828	199	17
3	1829	200	17
3	1830	201	17
3	1831	202	17
3	1832	203	17
3	1833	204	17
3	1834	205	17
3	1835	206	17
3	1836	207	17
