exon	relative_pos_in_circle	relative_pos_in_exon	coverage
5	1	1	5
5	2	2	5
5	3	3	5
5	4	4	5
5	5	5	5
5	6	6	5
5	7	7	5
5	8	8	5
5	9	9	5
5	10	10	5
5	11	11	5
5	12	12	5
5	13	13	5
5	14	14	5
5	15	15	5
5	16	16	5
5	17	17	5
5	18	18	5
5	19	19	5
5	20	20	5
5	21	21	5
5	22	22	5
5	23	23	5
5	24	24	5
5	25	25	5
5	26	26	5
5	27	27	5
5	28	28	5
5	29	29	5
5	30	30	5
5	31	31	5
5	32	32	5
5	33	33	5
5	34	34	5
5	35	35	5
5	36	36	5
5	37	37	5
5	38	38	5
5	39	39	5
5	40	40	5
5	41	41	5
5	42	42	5
5	43	43	5
5	44	44	5
5	45	45	5
5	46	46	5
5	47	47	5
5	48	48	5
5	49	49	5
5	50	50	5
5	51	51	4
5	52	52	4
5	53	53	4
5	54	54	3
5	55	55	3
5	56	56	3
5	57	57	3
5	58	58	3
5	59	59	3
5	60	60	3
5	61	61	3
5	62	62	3
5	63	63	3
5	64	64	3
5	65	65	3
5	66	66	3
5	67	67	3
5	68	68	3
5	69	69	3
5	70	70	3
5	71	71	3
5	72	72	3
5	73	73	3
5	74	74	3
5	75	75	3
5	76	76	3
5	77	77	3
5	78	78	3
5	79	79	3
5	80	80	3
5	81	81	3
5	82	82	3
5	83	83	3
5	84	84	3
5	85	85	3
5	86	86	3
5	87	87	3
5	88	88	3
5	89	89	3
5	90	90	3
5	91	91	3
5	92	92	3
5	93	93	3
5	94	94	3
5	95	95	3
5	96	96	3
5	97	97	3
5	98	98	3
5	99	99	3
5	100	100	3
5	101	101	3
5	102	102	3
5	103	103	3
5	104	104	3
5	105	105	3
5	106	106	3
5	107	107	3
5	108	108	3
5	109	109	3
5	110	110	3
5	111	111	3
5	112	112	3
5	113	113	3
5	114	114	3
5	115	115	3
5	116	116	3
5	117	117	3
5	118	118	3
5	119	119	3
5	120	120	3
5	121	121	3
5	122	122	3
5	123	123	3
5	124	124	3
5	125	125	3
5	126	126	3
5	127	127	3
5	128	128	3
5	129	129	3
5	130	130	3
5	131	131	3
5	132	132	3
5	133	133	3
5	134	134	3
5	135	135	3
5	136	136	3
5	137	137	3
5	138	138	3
5	139	139	3
5	140	140	3
5	141	141	3
5	142	142	3
5	143	143	3
5	144	144	3
5	145	145	3
5	146	146	3
5	147	147	3
5	148	148	3
5	149	149	3
5	150	150	3
5	151	151	3
5	152	152	3
5	153	153	3
5	154	154	3
5	155	155	3
5	156	156	3
5	157	157	3
5	158	158	3
5	159	159	3
5	160	160	3
5	161	161	3
5	162	162	3
5	163	163	2
5	164	164	2
5	165	165	2
5	166	166	2
5	167	167	2
5	168	168	2
5	169	169	2
5	170	170	2
5	171	171	2
5	172	172	2
5	173	173	2
5	174	174	2
5	175	175	2
5	176	176	2
5	177	177	2
5	178	178	2
5	179	179	2
5	180	180	2
5	181	181	2
5	182	182	2
5	183	183	2
5	184	184	2
5	185	185	2
5	186	186	2
5	187	187	2
5	188	188	2
5	189	189	2
5	190	190	2
5	191	191	2
5	192	192	2
5	193	193	2
5	194	194	2
5	195	195	2
5	196	196	2
5	197	197	2
5	198	198	2
5	199	199	2
5	200	200	2
5	201	201	2
5	202	202	2
5	203	203	1
5	204	204	1
5	205	205	1
5	206	206	1
5	207	207	1
5	208	208	1
5	209	209	1
5	210	210	1
5	211	211	1
5	212	212	1
5	213	213	0
5	214	214	0
5	215	215	0
5	216	216	0
5	217	217	0
5	218	218	0
5	219	219	0
5	220	220	0
5	221	221	0
5	222	222	0
5	223	223	0
5	224	224	0
5	225	225	0
5	226	226	0
5	227	227	0
5	228	228	0
5	229	229	0
5	230	230	0
5	231	231	0
5	232	232	0
5	233	233	0
5	234	234	0
5	235	235	0
5	236	236	0
5	237	237	0
5	238	238	0
5	239	239	0
5	240	240	0
5	241	241	0
5	242	242	0
5	243	243	0
5	244	244	0
5	245	245	0
5	246	246	0
5	247	247	0
5	248	248	0
5	249	249	0
5	250	250	0
5	251	251	0
5	252	252	0
5	253	253	0
5	254	254	0
5	255	255	0
5	256	256	0
5	257	257	0
5	258	258	0
5	259	259	0
5	260	260	0
5	261	261	0
5	262	262	0
5	263	263	0
5	264	264	0
5	265	265	0
5	266	266	0
5	267	267	0
5	268	268	0
5	269	269	0
5	270	270	0
5	271	271	0
5	272	272	0
5	273	273	0
5	274	274	0
5	275	275	0
5	276	276	0
5	277	277	0
5	278	278	0
5	279	279	0
5	280	280	0
5	281	281	0
5	282	282	0
5	283	283	0
5	284	284	0
5	285	285	0
5	286	286	0
5	287	287	0
5	288	288	0
5	289	289	0
5	290	290	0
5	291	291	0
5	292	292	0
5	293	293	0
5	294	294	0
5	295	295	0
5	296	296	0
5	297	297	0
5	298	298	0
5	299	299	0
5	300	300	0
5	301	301	0
5	302	302	0
5	303	303	0
5	304	304	0
5	305	305	0
5	306	306	0
5	307	307	0
5	308	308	0
5	309	309	0
5	310	310	0
5	311	311	0
5	312	312	0
5	313	313	0
5	314	314	0
5	315	315	0
5	316	316	0
5	317	317	0
5	318	318	0
5	319	319	0
5	320	320	0
5	321	321	0
5	322	322	0
5	323	323	0
5	324	324	0
5	325	325	0
5	326	326	0
5	327	327	0
5	328	328	0
5	329	329	0
5	330	330	0
5	331	331	0
5	332	332	0
5	333	333	0
5	334	334	0
5	335	335	0
5	336	336	0
5	337	337	0
5	338	338	0
5	339	339	0
5	340	340	0
5	341	341	0
5	342	342	0
5	343	343	0
5	344	344	0
5	345	345	0
5	346	346	0
5	347	347	0
5	348	348	0
5	349	349	0
5	350	350	0
5	351	351	0
5	352	352	0
5	353	353	0
5	354	354	0
5	355	355	0
5	356	356	0
5	357	357	0
5	358	358	0
5	359	359	0
5	360	360	0
5	361	361	0
5	362	362	0
5	363	363	0
5	364	364	0
5	365	365	0
5	366	366	0
5	367	367	0
5	368	368	0
5	369	369	0
5	370	370	0
5	371	371	0
5	372	372	0
5	373	373	0
5	374	374	0
5	375	375	0
5	376	376	0
5	377	377	0
5	378	378	0
5	379	379	0
5	380	380	0
5	381	381	0
5	382	382	0
5	383	383	0
5	384	384	0
5	385	385	0
5	386	386	0
5	387	387	0
5	388	388	0
5	389	389	0
5	390	390	0
5	391	391	0
5	392	392	0
5	393	393	0
5	394	394	0
5	395	395	0
5	396	396	0
5	397	397	0
5	398	398	0
5	399	399	0
5	400	400	0
5	401	401	0
5	402	402	0
5	403	403	0
5	404	404	0
5	405	405	0
5	406	406	0
5	407	407	0
5	408	408	0
5	409	409	0
5	410	410	0
5	411	411	0
5	412	412	0
5	413	413	0
5	414	414	0
5	415	415	0
5	416	416	0
5	417	417	0
5	418	418	0
5	419	419	0
5	420	420	0
5	421	421	0
5	422	422	0
5	423	423	0
5	424	424	0
5	425	425	0
5	426	426	0
5	427	427	0
5	428	428	0
5	429	429	0
5	430	430	0
5	431	431	0
5	432	432	0
5	433	433	0
5	434	434	0
5	435	435	0
5	436	436	0
5	437	437	0
5	438	438	0
5	439	439	0
5	440	440	0
5	441	441	0
5	442	442	0
5	443	443	0
5	444	444	0
5	445	445	0
5	446	446	0
5	447	447	0
5	448	448	0
5	449	449	0
5	450	450	0
5	451	451	0
5	452	452	0
5	453	453	0
5	454	454	0
5	455	455	0
5	456	456	0
5	457	457	0
5	458	458	0
5	459	459	0
5	460	460	0
5	461	461	0
5	462	462	0
5	463	463	0
5	464	464	0
5	465	465	0
5	466	466	0
5	467	467	0
5	468	468	0
5	469	469	0
5	470	470	0
5	471	471	0
5	472	472	0
5	473	473	0
5	474	474	0
5	475	475	0
5	476	476	0
5	477	477	0
5	478	478	0
5	479	479	0
5	480	480	0
5	481	481	0
5	482	482	0
5	483	483	0
5	484	484	0
5	485	485	0
5	486	486	0
5	487	487	0
5	488	488	0
5	489	489	0
5	490	490	0
5	491	491	0
5	492	492	0
5	493	493	0
5	494	494	0
5	495	495	0
5	496	496	0
5	497	497	0
5	498	498	0
5	499	499	0
5	500	500	0
5	501	501	0
5	502	502	0
5	503	503	0
5	504	504	0
5	505	505	0
5	506	506	0
5	507	507	0
5	508	508	0
5	509	509	0
5	510	510	0
5	511	511	0
5	512	512	0
5	513	513	0
5	514	514	0
5	515	515	0
5	516	516	0
5	517	517	0
5	518	518	0
5	519	519	0
5	520	520	0
5	521	521	0
5	522	522	0
5	523	523	0
5	524	524	0
5	525	525	0
5	526	526	0
5	527	527	0
5	528	528	0
5	529	529	0
5	530	530	0
5	531	531	0
5	532	532	0
5	533	533	0
5	534	534	0
5	535	535	0
5	536	536	0
5	537	537	0
5	538	538	0
5	539	539	0
5	540	540	0
5	541	541	0
5	542	542	0
5	543	543	0
5	544	544	0
5	545	545	0
5	546	546	0
5	547	547	0
5	548	548	0
5	549	549	0
5	550	550	0
5	551	551	0
5	552	552	0
5	553	553	0
5	554	554	0
5	555	555	0
5	556	556	0
5	557	557	0
5	558	558	0
5	559	559	0
5	560	560	0
5	561	561	0
5	562	562	0
5	563	563	0
5	564	564	0
5	565	565	0
5	566	566	0
5	567	567	0
5	568	568	0
5	569	569	0
5	570	570	0
5	571	571	0
5	572	572	0
5	573	573	0
5	574	574	0
5	575	575	0
5	576	576	0
5	577	577	0
5	578	578	0
5	579	579	0
5	580	580	0
5	581	581	0
5	582	582	0
5	583	583	0
5	584	584	0
5	585	585	0
5	586	586	0
5	587	587	0
5	588	588	0
5	589	589	0
5	590	590	0
5	591	591	0
5	592	592	0
5	593	593	0
5	594	594	0
5	595	595	0
5	596	596	0
5	597	597	0
5	598	598	0
5	599	599	0
5	600	600	0
5	601	601	0
5	602	602	0
5	603	603	0
5	604	604	0
5	605	605	0
5	606	606	0
5	607	607	0
5	608	608	0
5	609	609	0
5	610	610	0
5	611	611	0
5	612	612	0
5	613	613	0
5	614	614	0
5	615	615	0
5	616	616	0
5	617	617	0
5	618	618	0
5	619	619	0
5	620	620	0
5	621	621	0
5	622	622	0
5	623	623	0
5	624	624	0
5	625	625	0
5	626	626	0
5	627	627	0
5	628	628	0
5	629	629	0
5	630	630	0
5	631	631	0
5	632	632	0
5	633	633	0
5	634	634	0
5	635	635	0
5	636	636	0
5	637	637	0
5	638	638	0
5	639	639	0
5	640	640	0
5	641	641	0
5	642	642	0
5	643	643	0
5	644	644	0
5	645	645	0
5	646	646	0
5	647	647	0
5	648	648	0
5	649	649	0
5	650	650	0
5	651	651	0
5	652	652	0
5	653	653	0
5	654	654	0
5	655	655	0
5	656	656	0
5	657	657	0
5	658	658	0
5	659	659	0
5	660	660	0
5	661	661	0
5	662	662	0
5	663	663	0
5	664	664	0
5	665	665	0
5	666	666	0
5	667	667	0
5	668	668	0
5	669	669	0
5	670	670	0
5	671	671	0
5	672	672	0
5	673	673	0
5	674	674	0
5	675	675	0
5	676	676	0
5	677	677	0
5	678	678	0
5	679	679	0
5	680	680	0
5	681	681	0
5	682	682	0
5	683	683	0
5	684	684	0
5	685	685	0
5	686	686	0
5	687	687	0
5	688	688	0
5	689	689	0
5	690	690	0
5	691	691	0
5	692	692	0
5	693	693	0
5	694	694	0
5	695	695	0
5	696	696	0
5	697	697	0
5	698	698	0
5	699	699	0
5	700	700	0
5	701	701	0
5	702	702	0
5	703	703	0
5	704	704	0
5	705	705	0
5	706	706	0
5	707	707	0
5	708	708	0
5	709	709	0
5	710	710	0
5	711	711	0
5	712	712	0
5	713	713	0
5	714	714	0
5	715	715	0
5	716	716	0
5	717	717	0
5	718	718	0
5	719	719	0
5	720	720	0
5	721	721	0
5	722	722	0
5	723	723	0
5	724	724	0
5	725	725	0
5	726	726	0
5	727	727	0
5	728	728	0
5	729	729	0
5	730	730	0
5	731	731	0
5	732	732	0
5	733	733	0
5	734	734	0
5	735	735	0
5	736	736	0
5	737	737	0
5	738	738	1
5	739	739	1
5	740	740	1
5	741	741	2
5	742	742	2
5	743	743	2
5	744	744	2
5	745	745	2
5	746	746	2
5	747	747	2
5	748	748	2
5	749	749	2
5	750	750	2
5	751	751	2
5	752	752	2
5	753	753	2
5	754	754	2
5	755	755	2
5	756	756	2
5	757	757	2
5	758	758	2
5	759	759	2
5	760	760	2
5	761	761	2
5	762	762	2
5	763	763	2
5	764	764	2
5	765	765	2
5	766	766	2
5	767	767	2
5	768	768	2
5	769	769	2
5	770	770	2
5	771	771	2
5	772	772	2
5	773	773	2
5	774	774	2
5	775	775	2
5	776	776	2
5	777	777	2
5	778	778	2
5	779	779	2
5	780	780	2
5	781	781	2
5	782	782	2
5	783	783	2
5	784	784	2
5	785	785	2
5	786	786	2
5	787	787	2
5	788	788	2
5	789	789	2
5	790	790	2
5	791	791	2
5	792	792	2
5	793	793	2
5	794	794	2
5	795	795	2
5	796	796	2
5	797	797	2
5	798	798	2
5	799	799	2
5	800	800	2
5	801	801	2
5	802	802	2
5	803	803	2
5	804	804	2
5	805	805	2
5	806	806	2
5	807	807	2
5	808	808	2
5	809	809	2
5	810	810	2
5	811	811	2
5	812	812	2
5	813	813	2
5	814	814	2
5	815	815	2
5	816	816	2
5	817	817	2
5	818	818	2
5	819	819	2
5	820	820	2
5	821	821	2
5	822	822	2
5	823	823	2
5	824	824	2
5	825	825	2
5	826	826	2
5	827	827	2
5	828	828	2
5	829	829	2
5	830	830	2
5	831	831	2
5	832	832	2
5	833	833	2
5	834	834	2
5	835	835	2
5	836	836	2
5	837	837	2
5	838	838	2
5	839	839	2
5	840	840	2
5	841	841	2
5	842	842	2
5	843	843	2
5	844	844	2
5	845	845	2
5	846	846	2
5	847	847	2
5	848	848	2
5	849	849	2
5	850	850	3
5	851	851	3
5	852	852	3
5	853	853	3
5	854	854	3
5	855	855	3
5	856	856	3
5	857	857	3
5	858	858	3
5	859	859	3
5	860	860	3
5	861	861	3
5	862	862	3
5	863	863	3
5	864	864	3
5	865	865	3
5	866	866	3
5	867	867	3
5	868	868	3
5	869	869	3
5	870	870	3
5	871	871	3
5	872	872	3
5	873	873	3
5	874	874	3
5	875	875	3
5	876	876	3
5	877	877	3
5	878	878	3
5	879	879	3
5	880	880	3
5	881	881	3
5	882	882	3
5	883	883	3
5	884	884	3
5	885	885	3
5	886	886	3
5	887	887	3
5	888	888	3
5	889	889	3
5	890	890	4
5	891	891	4
5	892	892	4
5	893	893	4
5	894	894	4
5	895	895	4
5	896	896	4
5	897	897	4
5	898	898	4
5	899	899	4
5	900	900	5
5	901	901	5
5	902	902	5
5	903	903	5
5	904	904	5
5	905	905	5
5	906	906	5
5	907	907	5
5	908	908	5
5	909	909	5
5	910	910	5
5	911	911	5
5	912	912	5
5	913	913	5
5	914	914	5
5	915	915	5
5	916	916	5
5	917	917	5
5	918	918	5
5	919	919	5
5	920	920	5
5	921	921	5
5	922	922	5
5	923	923	5
5	924	924	5
5	925	925	5
5	926	926	5
5	927	927	5
5	928	928	5
5	929	929	5
5	930	930	5
5	931	931	5
5	932	932	5
5	933	933	5
5	934	934	5
5	935	935	5
5	936	936	5
