exon	relative_pos_in_circle	relative_pos_in_exon	coverage
33	1	1	7
33	2	2	7
33	3	3	7
33	4	4	7
33	5	5	7
33	6	6	7
33	7	7	7
33	8	8	7
33	9	9	7
33	10	10	7
33	11	11	7
33	12	12	7
33	13	13	7
33	14	14	7
33	15	15	7
33	16	16	7
33	17	17	7
33	18	18	7
33	19	19	7
33	20	20	7
33	21	21	7
33	22	22	7
33	23	23	7
33	24	24	7
33	25	25	7
33	26	26	7
33	27	27	7
33	28	28	7
33	29	29	7
33	30	30	7
33	31	31	7
33	32	32	7
33	33	33	7
33	34	34	7
33	35	35	7
33	36	36	7
33	37	37	7
33	38	38	7
33	39	39	6
33	40	40	6
33	41	41	6
33	42	42	6
33	43	43	6
33	44	44	6
33	45	45	6
33	46	46	6
33	47	47	6
33	48	48	6
33	49	49	6
33	50	50	6
33	51	51	5
33	52	52	5
33	53	53	5
33	54	54	4
33	55	55	4
33	56	56	4
33	57	57	4
33	58	58	4
33	59	59	4
33	60	60	4
33	61	61	4
33	62	62	4
33	63	63	4
33	64	64	4
33	65	65	4
33	66	66	4
33	67	67	4
33	68	68	4
33	69	69	4
33	70	70	4
33	71	71	4
33	72	72	4
33	73	73	4
33	74	74	4
33	75	75	4
33	76	76	4
33	77	77	4
33	78	78	4
33	79	79	4
33	80	80	4
33	81	81	4
33	82	82	4
33	83	83	4
33	84	84	4
33	85	85	4
33	86	86	4
33	87	87	4
33	88	88	4
33	89	89	4
33	90	90	4
33	91	91	4
33	92	92	4
33	93	93	4
33	94	94	4
33	95	95	4
33	96	96	4
33	97	97	4
33	98	98	4
33	99	99	4
33	100	100	4
33	101	101	4
33	102	102	4
33	103	103	4
33	104	104	4
33	105	105	4
33	106	106	4
33	107	107	4
33	108	108	4
33	109	109	4
33	110	110	4
33	111	111	4
33	112	112	4
33	113	113	4
33	114	114	4
33	115	115	4
33	116	116	4
33	117	117	4
33	118	118	4
33	119	119	4
33	120	120	4
33	121	121	4
33	122	122	4
33	123	123	4
33	124	124	4
33	125	125	4
33	126	126	4
33	127	127	4
33	128	128	4
33	129	129	4
33	130	130	4
33	131	131	4
33	132	132	4
33	133	133	4
33	134	134	4
33	135	135	4
33	136	136	4
33	137	137	4
33	138	138	4
33	139	139	4
33	140	140	4
33	141	141	4
33	142	142	4
33	143	143	4
33	144	144	3
33	145	145	3
33	146	146	3
33	147	147	3
33	148	148	3
33	149	149	3
33	150	150	3
33	151	151	3
33	152	152	3
33	153	153	3
33	154	154	3
33	155	155	3
33	156	156	3
33	157	157	3
33	158	158	3
33	159	159	3
33	160	160	3
33	161	161	3
34	162	1	3
34	163	2	3
34	164	3	3
34	165	4	3
34	166	5	3
34	167	6	3
34	168	7	3
34	169	8	3
34	170	9	3
34	171	10	3
34	172	11	3
34	173	12	3
34	174	13	3
34	175	14	3
34	176	15	3
34	177	16	3
34	178	17	3
34	179	18	3
34	180	19	3
34	181	20	3
34	182	21	3
34	183	22	3
34	184	23	3
34	185	24	1
34	186	25	1
34	187	26	1
34	188	27	1
34	189	28	1
34	190	29	1
34	191	30	1
34	192	31	1
34	193	32	1
34	194	33	1
34	195	34	1
34	196	35	1
34	197	36	1
34	198	37	1
34	199	38	1
34	200	39	1
34	201	40	2
34	202	41	2
34	203	42	2
34	204	43	2
34	205	44	2
34	206	45	2
34	207	46	2
34	208	47	2
34	209	48	2
34	210	49	2
34	211	50	1
34	212	51	1
34	213	52	2
34	214	53	2
34	215	54	2
34	216	55	3
34	217	56	3
34	218	57	3
34	219	58	3
34	220	59	3
34	221	60	3
34	222	61	3
34	223	62	3
34	224	63	3
34	225	64	3
34	226	65	3
34	227	66	3
34	228	67	3
34	229	68	3
34	230	69	3
34	231	70	3
34	232	71	3
34	233	72	3
34	234	73	3
34	235	74	3
34	236	75	3
34	237	76	3
34	238	77	3
34	239	78	3
34	240	79	3
34	241	80	3
34	242	81	3
34	243	82	3
34	244	83	3
34	245	84	3
34	246	85	3
34	247	86	3
34	248	87	3
34	249	88	3
34	250	89	3
34	251	90	3
34	252	91	3
34	253	92	3
34	254	93	3
34	255	94	3
34	256	95	3
34	257	96	3
34	258	97	3
34	259	98	3
34	260	99	3
35	261	1	3
35	262	2	3
35	263	3	3
35	264	4	3
35	265	5	3
35	266	6	3
35	267	7	3
35	268	8	3
35	269	9	3
35	270	10	3
35	271	11	3
35	272	12	3
35	273	13	3
35	274	14	3
35	275	15	3
35	276	16	3
35	277	17	3
35	278	18	3
35	279	19	3
35	280	20	3
35	281	21	3
35	282	22	3
35	283	23	3
35	284	24	3
35	285	25	3
35	286	26	3
35	287	27	3
35	288	28	3
35	289	29	3
35	290	30	3
35	291	31	3
35	292	32	3
35	293	33	3
35	294	34	3
35	295	35	3
35	296	36	3
35	297	37	3
35	298	38	3
35	299	39	3
35	300	40	3
35	301	41	3
35	302	42	3
35	303	43	3
35	304	44	3
35	305	45	3
35	306	46	4
35	307	47	4
35	308	48	4
35	309	49	4
35	310	50	4
35	311	51	4
35	312	52	4
35	313	53	4
35	314	54	4
35	315	55	4
35	316	56	4
35	317	57	4
35	318	58	4
35	319	59	4
35	320	60	4
35	321	61	4
35	322	62	4
35	323	63	4
35	324	64	4
35	325	65	4
35	326	66	4
35	327	67	4
35	328	68	4
35	329	69	4
35	330	70	4
35	331	71	4
35	332	72	4
35	333	73	4
35	334	74	4
35	335	75	4
35	336	76	4
35	337	77	4
35	338	78	4
35	339	79	4
35	340	80	4
35	341	81	4
35	342	82	4
35	343	83	4
35	344	84	4
35	345	85	4
35	346	86	4
35	347	87	4
35	348	88	6
35	349	89	6
35	350	90	6
35	351	91	6
35	352	92	6
35	353	93	6
35	354	94	6
35	355	95	6
35	356	96	6
35	357	97	6
35	358	98	6
35	359	99	6
35	360	100	6
35	361	101	6
35	362	102	6
35	363	103	6
35	364	104	6
35	365	105	6
35	366	106	6
35	367	107	6
35	368	108	6
35	369	109	6
35	370	110	6
35	371	111	6
35	372	112	6
35	373	113	7
35	374	114	7
35	375	115	7
35	376	116	7
35	377	117	7
35	378	118	7
35	379	119	7
35	380	120	7
35	381	121	7
35	382	122	7
35	383	123	7
35	384	124	7
35	385	125	7
35	386	126	7
35	387	127	7
35	388	128	7
35	389	129	7
35	390	130	7
35	391	131	7
35	392	132	7
35	393	133	7
35	394	134	7
35	395	135	7
35	396	136	7
35	397	137	7
35	398	138	7
35	399	139	7
35	400	140	7
35	401	141	7
35	402	142	7
35	403	143	7
35	404	144	7
35	405	145	7
35	406	146	7
35	407	147	7
35	408	148	7
35	409	149	7
35	410	150	7
35	411	151	7
