exon	relative_pos_in_circle	relative_pos_in_exon	coverage
2	1	1	17
2	2	2	17
2	3	3	17
2	4	4	17
2	5	5	17
2	6	6	17
2	7	7	17
2	8	8	17
2	9	9	17
2	10	10	17
2	11	11	17
2	12	12	17
2	13	13	17
2	14	14	17
2	15	15	17
2	16	16	17
2	17	17	17
2	18	18	17
2	19	19	17
2	20	20	17
2	21	21	17
2	22	22	17
2	23	23	17
2	24	24	17
2	25	25	17
2	26	26	17
2	27	27	17
2	28	28	17
2	29	29	17
2	30	30	17
2	31	31	17
2	32	32	17
2	33	33	17
2	34	34	17
2	35	35	17
2	36	36	17
2	37	37	16
2	38	38	16
2	39	39	16
2	40	40	16
2	41	41	16
2	42	42	16
2	43	43	15
3	44	1	9
3	45	2	9
3	46	3	9
3	47	4	9
3	48	5	9
3	49	6	9
3	50	7	9
3	51	8	9
3	52	9	9
3	53	10	9
3	54	11	8
3	55	12	8
3	56	13	7
3	57	14	7
3	58	15	7
3	59	16	7
3	60	17	7
3	61	18	7
3	62	19	7
3	63	20	7
3	64	21	7
3	65	22	7
3	66	23	7
3	67	24	7
3	68	25	7
3	69	26	7
3	70	27	7
3	71	28	6
3	72	29	6
3	73	30	6
3	74	31	6
3	75	32	6
3	76	33	6
3	77	34	6
3	78	35	6
3	79	36	6
3	80	37	6
3	81	38	6
3	82	39	6
3	83	40	6
3	84	41	6
3	85	42	6
3	86	43	6
3	87	44	6
3	88	45	6
3	89	46	6
3	90	47	6
3	91	48	6
3	92	49	6
3	93	50	6
3	94	51	6
3	95	52	6
3	96	53	5
3	97	54	5
3	98	55	5
3	99	56	5
3	100	57	5
3	101	58	5
3	102	59	5
3	103	60	5
3	104	61	4
3	105	62	4
3	106	63	3
3	107	64	2
3	108	65	2
3	109	66	2
3	110	67	2
3	111	68	2
3	112	69	2
3	113	70	2
3	114	71	2
3	115	72	2
3	116	73	2
3	117	74	2
3	118	75	2
3	119	76	1
3	120	77	1
3	121	78	1
3	122	79	1
3	123	80	1
3	124	81	1
3	125	82	1
3	126	83	1
3	127	84	1
3	128	85	1
3	129	86	1
3	130	87	1
3	131	88	1
3	132	89	1
3	133	90	0
3	134	91	0
3	135	92	0
3	136	93	0
3	137	94	0
3	138	95	0
3	139	96	0
3	140	97	0
3	141	98	0
3	142	99	0
3	143	100	0
3	144	101	0
3	145	102	0
3	146	103	0
3	147	104	0
3	148	105	0
3	149	106	0
3	150	107	0
3	151	108	0
3	152	109	0
3	153	110	0
3	154	111	0
3	155	112	0
3	156	113	0
3	157	114	0
3	158	115	0
3	159	116	0
3	160	117	0
3	161	118	0
3	162	119	0
3	163	120	0
3	164	121	0
3	165	122	0
3	166	123	0
3	167	124	0
3	168	125	0
3	169	126	0
3	170	127	0
3	171	128	0
3	172	129	0
3	173	130	0
3	174	131	0
3	175	132	0
3	176	133	0
3	177	134	0
3	178	135	0
3	179	136	0
3	180	137	0
3	181	138	0
3	182	139	0
3	183	140	0
3	184	141	0
3	185	142	0
3	186	143	0
3	187	144	0
3	188	145	0
3	189	146	0
3	190	147	0
3	191	148	0
3	192	149	0
3	193	150	0
3	194	151	0
3	195	152	0
3	196	153	0
3	197	154	0
3	198	155	0
3	199	156	0
3	200	157	0
3	201	158	0
3	202	159	0
3	203	160	0
3	204	161	0
3	205	162	0
3	206	163	0
3	207	164	0
3	208	165	0
3	209	166	0
3	210	167	0
3	211	168	0
3	212	169	0
3	213	170	0
3	214	171	0
3	215	172	0
3	216	173	0
3	217	174	0
3	218	175	0
3	219	176	0
3	220	177	0
3	221	178	0
3	222	179	0
3	223	180	0
3	224	181	0
3	225	182	0
3	226	183	0
3	227	184	0
3	228	185	0
3	229	186	0
3	230	187	0
3	231	188	0
3	232	189	0
3	233	190	0
3	234	191	0
3	235	192	0
3	236	193	0
3	237	194	0
3	238	195	0
3	239	196	0
3	240	197	0
3	241	198	0
3	242	199	0
3	243	200	0
3	244	201	0
3	245	202	0
3	246	203	0
3	247	204	0
3	248	205	0
3	249	206	0
3	250	207	0
3	251	208	0
3	252	209	0
3	253	210	0
3	254	211	0
3	255	212	0
3	256	213	0
3	257	214	0
3	258	215	0
3	259	216	0
3	260	217	0
3	261	218	0
3	262	219	0
3	263	220	0
3	264	221	0
3	265	222	0
3	266	223	0
3	267	224	0
3	268	225	0
3	269	226	0
3	270	227	0
3	271	228	0
3	272	229	0
3	273	230	0
3	274	231	0
3	275	232	0
3	276	233	0
3	277	234	0
3	278	235	0
3	279	236	0
3	280	237	0
3	281	238	0
3	282	239	0
3	283	240	0
3	284	241	0
3	285	242	0
3	286	243	0
3	287	244	0
3	288	245	0
3	289	246	0
3	290	247	0
3	291	248	0
3	292	249	0
3	293	250	0
3	294	251	0
3	295	252	0
3	296	253	0
3	297	254	0
3	298	255	0
3	299	256	0
3	300	257	0
3	301	258	0
3	302	259	0
3	303	260	0
3	304	261	0
3	305	262	0
3	306	263	0
3	307	264	0
3	308	265	0
3	309	266	0
3	310	267	0
3	311	268	0
3	312	269	0
3	313	270	0
3	314	271	0
3	315	272	0
3	316	273	0
3	317	274	0
3	318	275	0
3	319	276	0
3	320	277	0
3	321	278	0
3	322	279	0
3	323	280	0
3	324	281	0
3	325	282	0
3	326	283	0
3	327	284	0
3	328	285	0
3	329	286	0
3	330	287	0
3	331	288	0
3	332	289	0
3	333	290	0
3	334	291	0
3	335	292	0
3	336	293	0
3	337	294	0
3	338	295	0
3	339	296	0
3	340	297	0
3	341	298	0
3	342	299	0
3	343	300	0
3	344	301	0
3	345	302	0
3	346	303	0
3	347	304	0
3	348	305	0
3	349	306	0
3	350	307	0
3	351	308	0
3	352	309	0
3	353	310	0
3	354	311	0
3	355	312	0
3	356	313	0
3	357	314	0
3	358	315	0
3	359	316	0
3	360	317	0
3	361	318	0
3	362	319	0
3	363	320	0
3	364	321	0
3	365	322	0
3	366	323	1
3	367	324	1
3	368	325	1
3	369	326	1
3	370	327	1
3	371	328	1
3	372	329	2
3	373	330	2
3	374	331	2
3	375	332	2
3	376	333	2
3	377	334	2
3	378	335	2
3	379	336	2
3	380	337	2
3	381	338	2
3	382	339	2
3	383	340	2
3	384	341	2
3	385	342	2
3	386	343	2
3	387	344	2
3	388	345	2
3	389	346	2
3	390	347	2
3	391	348	2
3	392	349	2
3	393	350	2
3	394	351	2
3	395	352	2
3	396	353	2
3	397	354	2
3	398	355	2
3	399	356	2
3	400	357	2
3	401	358	3
3	402	359	3
3	403	360	3
3	404	361	3
3	405	362	3
3	406	363	3
3	407	364	3
3	408	365	3
3	409	366	3
3	410	367	3
3	411	368	3
3	412	369	3
3	413	370	3
3	414	371	3
3	415	372	3
3	416	373	3
3	417	374	3
3	418	375	3
3	419	376	3
3	420	377	3
3	421	378	3
3	422	379	3
3	423	380	3
3	424	381	3
4	425	1	4
4	426	2	5
4	427	3	5
4	428	4	5
4	429	5	5
4	430	6	5
4	431	7	5
4	432	8	5
4	433	9	5
4	434	10	5
4	435	11	5
4	436	12	5
4	437	13	6
4	438	14	7
4	439	15	8
4	440	16	8
4	441	17	8
4	442	18	8
4	443	19	8
4	444	20	8
4	445	21	8
4	446	22	8
4	447	23	8
4	448	24	8
4	449	25	8
4	450	26	8
4	451	27	8
4	452	28	8
4	453	29	8
4	454	30	8
4	455	31	8
4	456	32	8
4	457	33	8
4	458	34	8
4	459	35	8
4	460	36	8
4	461	37	8
4	462	38	8
4	463	39	8
4	464	40	8
4	465	41	8
4	466	42	8
4	467	43	8
4	468	44	8
4	469	45	8
4	470	46	8
4	471	47	8
4	472	48	8
4	473	49	8
4	474	50	9
4	475	51	10
4	476	52	10
4	477	53	10
4	478	54	10
4	479	55	10
4	480	56	10
4	481	57	10
4	482	58	10
4	483	59	10
4	484	60	10
4	485	61	10
4	486	62	10
4	487	63	10
4	488	64	10
4	489	65	10
4	490	66	11
4	491	67	11
4	492	68	11
4	493	69	11
4	494	70	11
4	495	71	11
4	496	72	11
4	497	73	11
4	498	74	11
4	499	75	11
4	500	76	11
4	501	77	11
4	502	78	11
4	503	79	11
4	504	80	11
4	505	81	11
4	506	82	11
4	507	83	11
4	508	84	11
4	509	85	11
4	510	86	11
4	511	87	11
4	512	88	11
4	513	89	11
4	514	90	11
4	515	91	12
4	516	92	12
4	517	93	12
4	518	94	12
4	519	95	12
4	520	96	12
4	521	97	12
4	522	98	12
4	523	99	13
4	524	100	13
4	525	101	14
4	526	102	15
4	527	103	15
4	528	104	15
4	529	105	15
4	530	106	15
4	531	107	15
4	532	108	15
4	533	109	15
4	534	110	15
4	535	111	15
4	536	112	15
4	537	113	15
4	538	114	16
4	539	115	16
4	540	116	16
4	541	117	16
4	542	118	16
4	543	119	16
4	544	120	16
4	545	121	16
4	546	122	16
4	547	123	16
4	548	124	16
4	549	125	16
4	550	126	16
4	551	127	16
4	552	128	16
4	553	129	16
4	554	130	17
4	555	131	17
4	556	132	17
4	557	133	17
4	558	134	17
4	559	135	17
4	560	136	17
4	561	137	17
4	562	138	17
4	563	139	17
4	564	140	17
4	565	141	17
4	566	142	17
4	567	143	17
4	568	144	17
4	569	145	17
4	570	146	17
4	571	147	17
4	572	148	17
4	573	149	17
4	574	150	17
4	575	151	17
4	576	152	17
4	577	153	17
4	578	154	17
