exon	relative_pos_in_circle	relative_pos_in_exon	coverage
14	1	1	5
14	2	2	5
14	3	3	5
14	4	4	5
14	5	5	5
14	6	6	5
14	7	7	5
14	8	8	5
14	9	9	5
14	10	10	5
14	11	11	5
14	12	12	5
14	13	13	5
14	14	14	5
14	15	15	5
14	16	16	5
14	17	17	5
14	18	18	5
14	19	19	5
14	20	20	5
14	21	21	5
14	22	22	5
14	23	23	5
14	24	24	5
14	25	25	5
14	26	26	5
14	27	27	5
14	28	28	5
14	29	29	5
14	30	30	5
14	31	31	5
14	32	32	5
14	33	33	5
14	34	34	5
14	35	35	5
14	36	36	5
14	37	37	5
14	38	38	5
14	39	39	5
14	40	40	5
14	41	41	5
14	42	42	5
14	43	43	5
14	44	44	5
14	45	45	5
14	46	46	5
14	47	47	5
14	48	48	5
14	49	49	5
14	50	50	5
14	51	51	5
14	52	52	5
14	53	53	4
14	54	54	4
14	55	55	4
14	56	56	4
14	57	57	4
14	58	58	3
14	59	59	2
14	60	60	2
14	61	61	2
14	62	62	2
14	63	63	2
14	64	64	2
14	65	65	2
14	66	66	2
14	67	67	2
14	68	68	2
14	69	69	2
14	70	70	2
14	71	71	2
14	72	72	2
14	73	73	2
14	74	74	2
14	75	75	2
14	76	76	2
14	77	77	2
14	78	78	2
14	79	79	2
14	80	80	2
14	81	81	2
14	82	82	2
14	83	83	2
14	84	84	2
14	85	85	2
14	86	86	2
14	87	87	2
14	88	88	2
14	89	89	2
14	90	90	2
14	91	91	2
14	92	92	2
14	93	93	2
14	94	94	2
14	95	95	2
14	96	96	2
14	97	97	2
14	98	98	2
14	99	99	2
14	100	100	2
14	101	101	2
14	102	102	2
14	103	103	2
14	104	104	2
14	105	105	2
14	106	106	2
14	107	107	2
14	108	108	2
14	109	109	2
14	110	110	2
14	111	111	2
14	112	112	2
14	113	113	2
14	114	114	2
14	115	115	2
14	116	116	2
14	117	117	2
14	118	118	2
14	119	119	2
14	120	120	2
14	121	121	2
15	122	1	2
15	123	2	2
15	124	3	2
15	125	4	2
15	126	5	2
15	127	6	2
15	128	7	2
15	129	8	2
15	130	9	2
15	131	10	2
15	132	11	2
15	133	12	2
15	134	13	2
15	135	14	2
15	136	15	2
15	137	16	2
15	138	17	2
15	139	18	2
15	140	19	2
15	141	20	2
15	142	21	2
15	143	22	2
15	144	23	2
15	145	24	2
15	146	25	2
15	147	26	2
15	148	27	2
15	149	28	2
15	150	29	2
15	151	30	2
15	152	31	2
15	153	32	2
15	154	33	2
15	155	34	2
15	156	35	2
15	157	36	2
15	158	37	2
15	159	38	2
15	160	39	2
15	161	40	2
15	162	41	2
15	163	42	2
15	164	43	1
15	165	44	1
15	166	45	1
15	167	46	1
15	168	47	1
15	169	48	1
15	170	49	1
15	171	50	1
15	172	51	1
15	173	52	1
15	174	53	1
15	175	54	1
15	176	55	1
15	177	56	1
15	178	57	1
15	179	58	1
15	180	59	1
15	181	60	1
15	182	61	1
15	183	62	1
15	184	63	1
15	185	64	1
15	186	65	1
15	187	66	1
15	188	67	1
15	189	68	1
15	190	69	1
15	191	70	1
15	192	71	1
15	193	72	1
15	194	73	1
15	195	74	1
15	196	75	1
15	197	76	1
15	198	77	1
15	199	78	1
15	200	79	1
15	201	80	1
15	202	81	1
15	203	82	1
15	204	83	1
15	205	84	1
15	206	85	1
15	207	86	1
15	208	87	1
15	209	88	1
15	210	89	1
15	211	90	1
15	212	91	1
15	213	92	0
15	214	93	0
15	215	94	0
15	216	95	0
15	217	96	0
15	218	97	0
15	219	98	0
15	220	99	0
15	221	100	0
15	222	101	0
15	223	102	0
15	224	103	0
15	225	104	0
15	226	105	0
15	227	106	0
15	228	107	0
15	229	108	0
15	230	109	0
15	231	110	0
15	232	111	0
15	233	112	0
15	234	113	0
15	235	114	0
15	236	115	0
15	237	116	0
15	238	117	0
15	239	118	0
15	240	119	0
15	241	120	0
15	242	121	0
15	243	122	0
15	244	123	0
15	245	124	0
15	246	125	0
15	247	126	0
15	248	127	0
15	249	128	0
15	250	129	0
15	251	130	0
15	252	131	0
15	253	132	0
15	254	133	0
15	255	134	0
15	256	135	0
15	257	136	0
15	258	137	0
15	259	138	0
15	260	139	0
15	261	140	0
15	262	141	0
15	263	142	0
15	264	143	0
15	265	144	0
15	266	145	0
16	267	0	0
16	268	1	0
16	269	2	0
16	270	3	0
16	271	4	0
16	272	5	0
16	273	6	0
16	274	7	0
16	275	8	0
16	276	9	0
16	277	10	0
16	278	11	0
16	279	12	0
16	280	13	0
16	281	14	0
16	282	15	0
16	283	16	0
16	284	17	0
16	285	18	0
16	286	19	0
16	287	20	0
16	288	21	0
16	289	22	0
16	290	23	0
16	291	24	0
16	292	25	0
16	293	26	0
16	294	27	0
16	295	28	0
16	296	29	0
16	297	30	0
16	298	31	0
16	299	32	0
16	300	33	0
16	301	34	0
16	302	35	0
16	303	36	0
16	304	37	0
16	305	38	0
16	306	39	0
16	307	40	0
16	308	41	0
16	309	42	0
16	310	43	0
16	311	44	0
16	312	45	0
16	313	46	0
16	314	47	0
16	315	48	0
16	316	49	0
17	317	0	0
17	318	1	0
17	319	2	0
17	320	3	0
17	321	4	0
17	322	5	0
17	323	6	0
17	324	7	0
17	325	8	0
17	326	9	0
17	327	10	0
17	328	11	0
17	329	12	0
17	330	13	0
17	331	14	0
17	332	15	0
17	333	16	0
17	334	17	0
17	335	18	0
17	336	19	0
17	337	20	0
17	338	21	0
17	339	22	0
17	340	23	0
17	341	24	0
17	342	25	0
17	343	26	0
17	344	27	0
17	345	28	0
17	346	29	0
17	347	30	0
17	348	31	0
17	349	32	0
17	350	33	0
17	351	34	0
17	352	35	0
17	353	36	0
17	354	37	0
17	355	38	0
17	356	39	0
17	357	40	0
17	358	41	0
17	359	42	0
17	360	43	0
17	361	44	0
17	362	45	0
17	363	46	0
17	364	47	0
17	365	48	0
17	366	49	0
18	367	0	0
18	368	1	0
18	369	2	0
18	370	3	0
18	371	4	0
18	372	5	0
18	373	6	0
18	374	7	0
18	375	8	0
18	376	9	0
18	377	10	0
18	378	11	0
18	379	12	0
18	380	13	0
18	381	14	0
18	382	15	0
18	383	16	0
18	384	17	0
18	385	18	0
18	386	19	0
18	387	20	0
18	388	21	0
18	389	22	0
18	390	23	0
18	391	24	0
18	392	25	0
18	393	26	0
18	394	27	0
18	395	28	0
18	396	29	0
18	397	30	0
18	398	31	0
18	399	32	0
18	400	33	0
18	401	34	0
18	402	35	0
18	403	36	0
18	404	37	0
18	405	38	0
18	406	39	0
18	407	40	0
18	408	41	0
18	409	42	0
18	410	43	0
18	411	44	0
18	412	45	0
18	413	46	0
18	414	47	0
18	415	48	0
18	416	49	0
19	417	0	0
19	418	1	0
19	419	2	0
19	420	3	0
19	421	4	0
19	422	5	0
19	423	6	0
19	424	7	0
19	425	8	0
19	426	9	0
19	427	10	0
19	428	11	0
19	429	12	0
19	430	13	0
19	431	14	0
19	432	15	0
19	433	16	0
19	434	17	0
19	435	18	0
19	436	19	0
19	437	20	0
19	438	21	0
19	439	22	0
19	440	23	0
19	441	24	0
19	442	25	0
19	443	26	0
19	444	27	0
19	445	28	0
19	446	29	0
19	447	30	0
19	448	31	0
19	449	32	0
19	450	33	0
19	451	34	0
19	452	35	0
19	453	36	0
19	454	37	0
19	455	38	0
19	456	39	0
19	457	40	0
19	458	41	0
19	459	42	0
19	460	43	0
19	461	44	0
19	462	45	0
19	463	46	0
19	464	47	0
19	465	48	0
19	466	49	0
20	467	1	0
20	468	2	0
20	469	3	0
20	470	4	0
20	471	5	0
20	472	6	0
20	473	7	0
20	474	8	0
20	475	9	0
20	476	10	0
20	477	11	0
20	478	12	0
20	479	13	0
20	480	14	0
20	481	15	0
20	482	16	0
20	483	17	0
20	484	18	0
20	485	19	0
20	486	20	0
20	487	21	0
20	488	22	0
20	489	23	0
20	490	24	0
20	491	25	0
20	492	26	0
20	493	27	0
20	494	28	0
20	495	29	0
20	496	30	0
20	497	31	0
20	498	32	0
20	499	33	0
20	500	34	0
20	501	35	1
20	502	36	1
20	503	37	1
20	504	38	1
20	505	39	1
20	506	40	2
20	507	41	2
20	508	42	2
20	509	43	3
20	510	44	3
20	511	45	3
20	512	46	3
20	513	47	3
20	514	48	3
20	515	49	3
20	516	50	3
20	517	51	3
20	518	52	3
20	519	53	3
20	520	54	3
20	521	55	3
20	522	56	3
20	523	57	3
20	524	58	3
20	525	59	3
20	526	60	3
20	527	61	3
20	528	62	3
20	529	63	3
20	530	64	3
20	531	65	3
20	532	66	3
20	533	67	3
20	534	68	3
20	535	69	3
20	536	70	3
20	537	71	3
20	538	72	3
20	539	73	3
20	540	74	3
20	541	75	3
20	542	76	3
20	543	77	3
20	544	78	3
20	545	79	3
20	546	80	3
20	547	81	3
20	548	82	3
20	549	83	3
20	550	84	3
20	551	85	3
20	552	86	3
20	553	87	3
20	554	88	3
20	555	89	3
20	556	90	3
20	557	91	3
20	558	92	3
20	559	93	3
20	560	94	3
20	561	95	3
20	562	96	3
20	563	97	3
20	564	98	3
20	565	99	3
20	566	100	3
20	567	101	3
20	568	102	3
20	569	103	3
20	570	104	3
20	571	105	3
20	572	106	3
20	573	107	3
20	574	108	3
20	575	109	3
20	576	110	3
20	577	111	3
20	578	112	3
20	579	113	3
20	580	114	3
20	581	115	3
20	582	116	3
20	583	117	3
20	584	118	3
20	585	119	3
20	586	120	3
20	587	121	3
20	588	122	3
20	589	123	3
20	590	124	3
20	591	125	3
20	592	126	3
20	593	127	3
21	594	1	3
21	595	2	3
21	596	3	3
21	597	4	3
21	598	5	3
21	599	6	3
21	600	7	3
21	601	8	3
21	602	9	3
21	603	10	3
21	604	11	3
21	605	12	3
21	606	13	3
21	607	14	4
21	608	15	4
21	609	16	4
21	610	17	4
21	611	18	4
21	612	19	4
21	613	20	4
21	614	21	4
21	615	22	4
21	616	23	4
21	617	24	4
21	618	25	4
21	619	26	4
21	620	27	4
21	621	28	4
21	622	29	4
21	623	30	4
21	624	31	4
21	625	32	4
21	626	33	4
21	627	34	4
21	628	35	4
21	629	36	4
21	630	37	4
21	631	38	4
21	632	39	4
21	633	40	4
21	634	41	4
21	635	42	4
21	636	43	4
21	637	44	4
21	638	45	4
21	639	46	4
21	640	47	4
21	641	48	4
21	642	49	4
21	643	50	4
21	644	51	4
21	645	52	4
21	646	53	4
21	647	54	4
21	648	55	4
21	649	56	4
21	650	57	4
21	651	58	4
21	652	59	4
21	653	60	4
21	654	61	4
21	655	62	4
21	656	63	5
21	657	64	5
21	658	65	5
21	659	66	5
21	660	67	5
21	661	68	5
21	662	69	5
21	663	70	5
21	664	71	5
21	665	72	5
21	666	73	5
21	667	74	5
21	668	75	5
21	669	76	5
21	670	77	5
21	671	78	5
21	672	79	5
21	673	80	5
21	674	81	5
21	675	82	5
21	676	83	5
21	677	84	5
21	678	85	5
21	679	86	5
21	680	87	5
21	681	88	5
21	682	89	5
21	683	90	5
21	684	91	5
21	685	92	5
21	686	93	5
21	687	94	5
21	688	95	5
21	689	96	5
21	690	97	5
21	691	98	5
21	692	99	5
