exon	relative_pos_in_circle	relative_pos_in_exon	coverage
3	1	1	4
3	2	2	4
3	3	3	4
3	4	4	4
3	5	5	4
3	6	6	4
3	7	7	4
3	8	8	4
3	9	9	4
3	10	10	4
3	11	11	4
3	12	12	4
3	13	13	4
3	14	14	4
3	15	15	4
3	16	16	4
3	17	17	4
3	18	18	4
3	19	19	4
3	20	20	4
3	21	21	4
3	22	22	4
3	23	23	4
3	24	24	4
3	25	25	4
3	26	26	4
3	27	27	4
3	28	28	4
3	29	29	4
3	30	30	4
3	31	31	4
3	32	32	4
3	33	33	4
3	34	34	4
3	35	35	3
3	36	36	3
3	37	37	3
3	38	38	3
3	39	39	3
3	40	40	3
3	41	41	3
3	42	42	3
3	43	43	3
3	44	44	3
3	45	45	3
3	46	46	3
3	47	47	3
3	48	48	3
3	49	49	3
3	50	50	3
3	51	51	2
3	52	52	2
3	53	53	2
3	54	54	2
3	55	55	2
3	56	56	2
3	57	57	2
3	58	58	2
3	59	59	2
3	60	60	2
3	61	61	2
3	62	62	2
3	63	63	2
3	64	64	2
3	65	65	2
3	66	66	2
3	67	67	2
3	68	68	2
3	69	69	2
3	70	70	2
3	71	71	2
3	72	72	2
3	73	73	2
3	74	74	2
3	75	75	2
3	76	76	2
3	77	77	2
3	78	78	2
3	79	79	2
3	80	80	2
3	81	81	2
3	82	82	2
3	83	83	2
3	84	84	2
3	85	85	2
3	86	86	2
3	87	87	2
3	88	88	2
3	89	89	2
3	90	90	2
3	91	91	2
3	92	92	2
3	93	93	2
3	94	94	2
3	95	95	2
3	96	96	2
3	97	97	2
3	98	98	2
3	99	99	2
3	100	100	2
3	101	101	2
3	102	102	2
3	103	103	2
3	104	104	2
3	105	105	2
3	106	106	2
3	107	107	2
3	108	108	2
3	109	109	2
3	110	110	2
3	111	111	2
3	112	112	2
3	113	113	2
3	114	114	2
3	115	115	2
3	116	116	2
3	117	117	2
3	118	118	2
3	119	119	2
3	120	120	2
3	121	121	2
3	122	122	2
3	123	123	2
3	124	124	2
3	125	125	2
3	126	126	2
3	127	127	2
3	128	128	2
3	129	129	2
3	130	130	2
3	131	131	2
3	132	132	2
3	133	133	2
3	134	134	2
3	135	135	1
3	136	136	1
3	137	137	1
3	138	138	1
3	139	139	1
3	140	140	1
3	141	141	1
3	142	142	1
3	143	143	1
3	144	144	1
3	145	145	1
3	146	146	1
3	147	147	1
3	148	148	1
3	149	149	1
3	150	150	1
3	151	151	1
3	152	152	1
3	153	153	1
4	154	1	1
4	155	2	1
4	156	3	1
4	157	4	1
4	158	5	1
4	159	6	1
4	160	7	1
4	161	8	1
4	162	9	1
4	163	10	1
4	164	11	1
4	165	12	0
4	166	13	0
4	167	14	0
4	168	15	0
4	169	16	0
4	170	17	0
4	171	18	0
4	172	19	0
4	173	20	0
4	174	21	0
4	175	22	0
4	176	23	0
4	177	24	0
4	178	25	0
4	179	26	0
4	180	27	0
4	181	28	0
4	182	29	0
4	183	30	0
4	184	31	0
4	185	32	0
4	186	33	0
4	187	34	0
4	188	35	0
4	189	36	0
4	190	37	0
4	191	38	0
4	192	39	0
4	193	40	0
4	194	41	0
4	195	42	0
4	196	43	0
4	197	44	0
4	198	45	0
4	199	46	0
4	200	47	0
4	201	48	0
4	202	49	0
4	203	50	0
4	204	51	0
4	205	52	0
4	206	53	0
4	207	54	0
4	208	55	0
4	209	56	0
4	210	57	0
4	211	58	0
4	212	59	0
4	213	60	0
4	214	61	0
4	215	62	0
4	216	63	0
4	217	64	0
4	218	65	0
4	219	66	0
4	220	67	0
4	221	68	0
4	222	69	0
4	223	70	0
4	224	71	0
4	225	72	0
4	226	73	0
4	227	74	0
4	228	75	0
4	229	76	0
4	230	77	0
4	231	78	0
4	232	79	0
4	233	80	0
4	234	81	0
4	235	82	0
4	236	83	0
4	237	84	0
4	238	85	0
4	239	86	0
4	240	87	0
4	241	88	0
4	242	89	0
4	243	90	0
4	244	91	0
4	245	92	0
4	246	93	0
4	247	94	0
4	248	95	0
4	249	96	0
4	250	97	0
4	251	98	0
4	252	99	0
4	253	100	0
4	254	101	0
4	255	102	0
4	256	103	0
4	257	104	0
4	258	105	0
4	259	106	0
4	260	107	0
4	261	108	0
4	262	109	0
4	263	110	0
4	264	111	0
4	265	112	0
4	266	113	0
4	267	114	0
4	268	115	0
4	269	116	0
4	270	117	0
4	271	118	0
4	272	119	0
4	273	120	0
4	274	121	0
4	275	122	0
4	276	123	0
4	277	124	0
4	278	125	0
4	279	126	0
4	280	127	0
4	281	128	0
4	282	129	0
4	283	130	0
4	284	131	0
4	285	132	0
4	286	133	0
4	287	134	0
4	288	135	0
4	289	136	0
4	290	137	0
4	291	138	0
4	292	139	0
4	293	140	0
4	294	141	0
4	295	142	0
4	296	143	0
4	297	144	0
4	298	145	0
4	299	146	0
4	300	147	0
4	301	148	0
4	302	149	0
5	303	0	0
5	304	1	0
5	305	2	0
5	306	3	0
5	307	4	0
5	308	5	0
5	309	6	0
5	310	7	0
5	311	8	0
5	312	9	0
5	313	10	0
5	314	11	0
5	315	12	0
5	316	13	0
5	317	14	0
5	318	15	0
5	319	16	0
5	320	17	0
5	321	18	0
5	322	19	0
5	323	20	0
5	324	21	0
5	325	22	0
5	326	23	0
5	327	24	0
5	328	25	0
5	329	26	0
5	330	27	0
5	331	28	0
5	332	29	0
5	333	30	0
5	334	31	0
5	335	32	0
5	336	33	0
5	337	34	0
5	338	35	0
5	339	36	0
5	340	37	0
5	341	38	0
5	342	39	0
5	343	40	0
5	344	41	0
5	345	42	0
5	346	43	0
5	347	44	0
5	348	45	0
5	349	46	0
5	350	47	0
5	351	48	0
5	352	49	0
6	353	0	0
6	354	1	0
6	355	2	0
6	356	3	0
6	357	4	0
6	358	5	0
6	359	6	0
6	360	7	0
6	361	8	0
6	362	9	0
6	363	10	0
6	364	11	0
6	365	12	0
6	366	13	0
6	367	14	0
6	368	15	0
6	369	16	0
6	370	17	0
6	371	18	0
6	372	19	0
6	373	20	0
6	374	21	0
6	375	22	0
6	376	23	0
6	377	24	0
6	378	25	0
6	379	26	0
6	380	27	0
6	381	28	0
6	382	29	0
6	383	30	0
6	384	31	0
6	385	32	0
6	386	33	0
6	387	34	0
6	388	35	0
6	389	36	0
6	390	37	0
6	391	38	0
6	392	39	0
6	393	40	0
6	394	41	0
6	395	42	0
6	396	43	0
6	397	44	0
6	398	45	0
6	399	46	0
6	400	47	0
6	401	48	0
6	402	49	0
7	403	1	0
7	404	2	0
7	405	3	0
7	406	4	0
7	407	5	0
7	408	6	0
7	409	7	0
7	410	8	0
7	411	9	0
7	412	10	0
7	413	11	0
7	414	12	0
7	415	13	0
7	416	14	0
7	417	15	0
7	418	16	0
7	419	17	0
7	420	18	0
7	421	19	0
7	422	20	0
7	423	21	0
7	424	22	0
7	425	23	0
7	426	24	0
7	427	25	0
7	428	26	0
7	429	27	0
7	430	28	0
7	431	29	0
7	432	30	0
7	433	31	0
7	434	32	0
7	435	33	0
7	436	34	0
7	437	35	0
7	438	36	0
7	439	37	0
7	440	38	0
7	441	39	0
7	442	40	0
7	443	41	1
7	444	42	1
7	445	43	1
7	446	44	1
7	447	45	1
7	448	46	1
7	449	47	1
7	450	48	1
7	451	49	1
7	452	50	1
7	453	51	1
7	454	52	1
7	455	53	1
7	456	54	1
7	457	55	1
7	458	56	1
7	459	57	1
7	460	58	1
7	461	59	1
7	462	60	1
7	463	61	2
7	464	62	2
7	465	63	2
7	466	64	2
7	467	65	2
7	468	66	2
7	469	67	2
7	470	68	2
7	471	69	2
7	472	70	2
7	473	71	2
7	474	72	2
7	475	73	2
7	476	74	2
7	477	75	2
7	478	76	2
7	479	77	2
7	480	78	2
7	481	79	2
7	482	80	2
7	483	81	2
7	484	82	2
7	485	83	2
7	486	84	2
7	487	85	2
7	488	86	2
7	489	87	2
7	490	88	2
7	491	89	2
7	492	90	2
7	493	91	2
7	494	92	2
7	495	93	2
7	496	94	2
7	497	95	2
7	498	96	2
7	499	97	2
7	500	98	2
7	501	99	2
7	502	100	2
7	503	101	2
7	504	102	2
7	505	103	2
7	506	104	2
7	507	105	2
7	508	106	2
7	509	107	2
7	510	108	2
7	511	109	2
7	512	110	2
7	513	111	2
7	514	112	2
7	515	113	2
7	516	114	2
7	517	115	2
7	518	116	2
7	519	117	2
7	520	118	2
7	521	119	2
7	522	120	2
7	523	121	2
7	524	122	2
7	525	123	2
7	526	124	2
7	527	125	2
7	528	126	2
7	529	127	2
7	530	128	2
7	531	129	2
7	532	130	2
7	533	131	2
7	534	132	2
7	535	133	2
7	536	134	2
7	537	135	2
7	538	136	2
7	539	137	2
7	540	138	2
7	541	139	2
7	542	140	2
7	543	141	2
7	544	142	2
7	545	143	2
7	546	144	2
7	547	145	2
7	548	146	2
7	549	147	2
7	550	148	2
7	551	149	2
7	552	150	2
7	553	151	2
7	554	152	2
7	555	153	2
